sample_id,original_label,normal_label,anomaly_label,normal_logit,score
0,3,0,1,28.17003631591797,-28.17003631591797
1,8,0,1,28.290067672729492,-28.290067672729492
2,8,0,1,30.17390251159668,-30.17390251159668
3,0,0,1,29.693817138671875,-29.693817138671875
4,6,0,1,28.457042694091797,-28.457042694091797
5,6,0,1,30.6720027923584,-30.6720027923584
6,1,0,1,24.504291534423828,-24.504291534423828
7,6,0,1,32.440914154052734,-32.440914154052734
8,3,0,1,31.499868392944336,-31.499868392944336
9,1,0,1,27.067426681518555,-27.067426681518555
10,0,0,1,32.38515090942383,-32.38515090942383
11,9,0,1,25.129518508911133,-25.129518508911133
12,5,0,1,30.43369483947754,-30.43369483947754
13,7,0,1,24.30037498474121,-24.30037498474121
14,9,0,1,25.937959671020508,-25.937959671020508
15,8,0,1,26.556255340576172,-26.556255340576172
16,5,0,1,27.665817260742188,-27.665817260742188
17,7,0,1,27.998287200927734,-27.998287200927734
18,8,0,1,29.182748794555664,-29.182748794555664
19,6,0,1,27.873821258544922,-27.873821258544922
20,7,0,1,26.757617950439453,-26.757617950439453
21,0,0,1,31.84349250793457,-31.84349250793457
22,4,0,1,33.91798782348633,-33.91798782348633
23,9,0,1,22.521060943603516,-22.521060943603516
24,5,0,1,30.291940689086914,-30.291940689086914
25,2,1,0,28.942550659179688,-28.942550659179688
26,4,0,1,32.30554962158203,-32.30554962158203
27,0,0,1,30.222349166870117,-30.222349166870117
28,9,0,1,24.827783584594727,-24.827783584594727
29,6,0,1,28.161338806152344,-28.161338806152344
30,6,0,1,30.019136428833008,-30.019136428833008
31,5,0,1,34.704044342041016,-34.704044342041016
32,4,0,1,31.918947219848633,-31.918947219848633
33,5,0,1,31.245107650756836,-31.245107650756836
34,9,0,1,30.180326461791992,-30.180326461791992
35,2,1,0,28.712085723876953,-28.712085723876953
36,4,0,1,31.400720596313477,-31.400720596313477
37,1,0,1,23.629592895507812,-23.629592895507812
38,9,0,1,26.682621002197266,-26.682621002197266
39,5,0,1,30.025999069213867,-30.025999069213867
40,4,0,1,26.207530975341797,-26.207530975341797
41,6,0,1,28.525920867919922,-28.525920867919922
42,5,0,1,28.827919006347656,-28.827919006347656
43,6,0,1,31.4979190826416,-31.4979190826416
44,0,0,1,25.756105422973633,-25.756105422973633
45,9,0,1,27.35869789123535,-27.35869789123535
46,3,0,1,32.138885498046875,-32.138885498046875
47,9,0,1,27.814523696899414,-27.814523696899414
48,7,0,1,32.425689697265625,-32.425689697265625
49,6,0,1,32.60182571411133,-32.60182571411133
50,9,0,1,27.78750228881836,-27.78750228881836
51,8,0,1,31.587303161621094,-31.587303161621094
52,0,0,1,30.520591735839844,-30.520591735839844
53,3,0,1,29.291067123413086,-29.291067123413086
54,8,0,1,30.859821319580078,-30.859821319580078
55,8,0,1,36.37421798706055,-36.37421798706055
56,7,0,1,21.54582977294922,-21.54582977294922
57,7,0,1,28.97060203552246,-28.97060203552246
58,4,0,1,31.89395523071289,-31.89395523071289
59,6,0,1,31.629165649414062,-31.629165649414062
60,7,0,1,29.67417335510254,-29.67417335510254
61,3,0,1,31.525680541992188,-31.525680541992188
62,6,0,1,27.886951446533203,-27.886951446533203
63,3,0,1,30.116596221923828,-30.116596221923828
64,6,0,1,29.868999481201172,-29.868999481201172
65,2,1,0,27.272029876708984,-27.272029876708984
66,1,0,1,28.70861053466797,-28.70861053466797
67,2,1,0,22.591041564941406,-22.591041564941406
68,3,0,1,28.087493896484375,-28.087493896484375
69,7,0,1,29.121782302856445,-29.121782302856445
70,2,1,0,35.557289123535156,-35.557289123535156
71,6,0,1,30.4090576171875,-30.4090576171875
72,8,0,1,35.64041519165039,-35.64041519165039
73,8,0,1,33.31714630126953,-33.31714630126953
74,0,0,1,28.34316635131836,-28.34316635131836
75,2,1,0,32.33720779418945,-32.33720779418945
76,9,0,1,26.8236141204834,-26.8236141204834
77,3,0,1,30.233692169189453,-30.233692169189453
78,3,0,1,30.800474166870117,-30.800474166870117
79,8,0,1,31.182783126831055,-31.182783126831055
80,8,0,1,32.91804122924805,-32.91804122924805
81,1,0,1,26.174530029296875,-26.174530029296875
82,1,0,1,29.264198303222656,-29.264198303222656
83,7,0,1,29.97420310974121,-29.97420310974121
84,2,1,0,32.01373291015625,-32.01373291015625
85,5,0,1,30.03766632080078,-30.03766632080078
86,2,1,0,27.99015998840332,-27.99015998840332
87,7,0,1,32.37687683105469,-32.37687683105469
88,8,0,1,29.94866943359375,-29.94866943359375
89,9,0,1,27.60441780090332,-27.60441780090332
90,0,0,1,30.10312843322754,-30.10312843322754
91,3,0,1,31.552345275878906,-31.552345275878906
92,8,0,1,27.46630859375,-27.46630859375
93,6,0,1,28.191429138183594,-28.191429138183594
94,4,0,1,33.813560485839844,-33.813560485839844
95,6,0,1,24.574201583862305,-24.574201583862305
96,6,0,1,24.20407485961914,-24.20407485961914
97,0,0,1,37.911014556884766,-37.911014556884766
98,0,0,1,24.586952209472656,-24.586952209472656
99,7,0,1,30.209516525268555,-30.209516525268555
100,4,0,1,33.03734588623047,-33.03734588623047
101,5,0,1,30.562976837158203,-30.562976837158203
102,6,0,1,27.48666763305664,-27.48666763305664
103,3,0,1,28.923377990722656,-28.923377990722656
104,1,0,1,26.302326202392578,-26.302326202392578
105,1,0,1,29.265148162841797,-29.265148162841797
106,3,0,1,32.39271926879883,-32.39271926879883
107,6,0,1,30.01859474182129,-30.01859474182129
108,8,0,1,27.09183692932129,-27.09183692932129
109,7,0,1,26.607019424438477,-26.607019424438477
110,4,0,1,27.83566665649414,-27.83566665649414
111,0,0,1,30.578584671020508,-30.578584671020508
112,6,0,1,31.47368049621582,-31.47368049621582
113,2,1,0,34.59556198120117,-34.59556198120117
114,1,0,1,28.305564880371094,-28.305564880371094
115,3,0,1,31.3042049407959,-31.3042049407959
116,0,0,1,32.75111770629883,-32.75111770629883
117,4,0,1,29.188386917114258,-29.188386917114258
118,2,1,0,31.273719787597656,-31.273719787597656
119,7,0,1,25.7001895904541,-25.7001895904541
120,8,0,1,34.013179779052734,-34.013179779052734
121,3,0,1,35.115726470947266,-35.115726470947266
122,1,0,1,28.18124771118164,-28.18124771118164
123,2,1,0,32.66084671020508,-32.66084671020508
124,8,0,1,33.52854919433594,-33.52854919433594
125,0,0,1,32.424652099609375,-32.424652099609375
126,8,0,1,33.485191345214844,-33.485191345214844
127,3,0,1,28.696876525878906,-28.696876525878906
128,5,0,1,28.919240951538086,-28.919240951538086
129,2,1,0,33.201629638671875,-33.201629638671875
130,4,0,1,31.924436569213867,-31.924436569213867
131,1,0,1,25.313709259033203,-25.313709259033203
132,8,0,1,28.469017028808594,-28.469017028808594
133,9,0,1,22.71576499938965,-22.71576499938965
134,1,0,1,28.070507049560547,-28.070507049560547
135,2,1,0,34.07753372192383,-34.07753372192383
136,9,0,1,27.642993927001953,-27.642993927001953
137,7,0,1,27.221712112426758,-27.221712112426758
138,2,1,0,32.20472717285156,-32.20472717285156
139,9,0,1,33.19803237915039,-33.19803237915039
140,6,0,1,33.13010025024414,-33.13010025024414
141,5,0,1,27.2696590423584,-27.2696590423584
142,6,0,1,29.287338256835938,-29.287338256835938
143,3,0,1,28.561946868896484,-28.561946868896484
144,8,0,1,27.1656494140625,-27.1656494140625
145,7,0,1,30.314905166625977,-30.314905166625977
146,6,0,1,29.799699783325195,-29.799699783325195
147,2,1,0,26.738101959228516,-26.738101959228516
148,5,0,1,24.47737693786621,-24.47737693786621
149,2,1,0,30.323650360107422,-30.323650360107422
150,8,0,1,27.387901306152344,-27.387901306152344
151,9,0,1,29.002609252929688,-29.002609252929688
152,6,0,1,29.62647819519043,-29.62647819519043
153,0,0,1,26.817874908447266,-26.817874908447266
154,0,0,1,33.30170822143555,-33.30170822143555
155,5,0,1,30.91896629333496,-30.91896629333496
156,2,1,0,33.95082473754883,-33.95082473754883
157,9,0,1,28.747970581054688,-28.747970581054688
158,5,0,1,31.746105194091797,-31.746105194091797
159,4,0,1,32.506343841552734,-32.506343841552734
160,2,1,0,30.70208740234375,-30.70208740234375
161,1,0,1,28.714263916015625,-28.714263916015625
162,6,0,1,28.629404067993164,-28.629404067993164
163,6,0,1,29.976211547851562,-29.976211547851562
164,8,0,1,30.752681732177734,-30.752681732177734
165,4,0,1,30.70960235595703,-30.70960235595703
166,8,0,1,32.69973373413086,-32.69973373413086
167,4,0,1,34.081024169921875,-34.081024169921875
168,5,0,1,29.286832809448242,-29.286832809448242
169,0,0,1,32.34627914428711,-32.34627914428711
170,9,0,1,24.489164352416992,-24.489164352416992
171,9,0,1,24.22402572631836,-24.22402572631836
172,9,0,1,32.90031433105469,-32.90031433105469
173,8,0,1,32.249481201171875,-32.249481201171875
174,9,0,1,24.25937271118164,-24.25937271118164
175,9,0,1,26.281970977783203,-26.281970977783203
176,3,0,1,27.218904495239258,-27.218904495239258
177,7,0,1,30.601900100708008,-30.601900100708008
178,5,0,1,34.428340911865234,-34.428340911865234
179,0,0,1,28.088483810424805,-28.088483810424805
180,0,0,1,29.2227840423584,-29.2227840423584
181,5,0,1,30.420169830322266,-30.420169830322266
182,2,1,0,30.21241569519043,-30.21241569519043
183,2,1,0,34.866249084472656,-34.866249084472656
184,3,0,1,30.72606086730957,-30.72606086730957
185,8,0,1,33.222713470458984,-33.222713470458984
186,6,0,1,30.722558975219727,-30.722558975219727
187,3,0,1,31.93023681640625,-31.93023681640625
188,4,0,1,31.49601936340332,-31.49601936340332
189,0,0,1,26.38313102722168,-26.38313102722168
190,5,0,1,26.515609741210938,-26.515609741210938
191,8,0,1,30.762672424316406,-30.762672424316406
192,0,0,1,28.627838134765625,-28.627838134765625
193,1,0,1,26.72838020324707,-26.72838020324707
194,7,0,1,29.398900985717773,-29.398900985717773
195,2,1,0,32.313446044921875,-32.313446044921875
196,8,0,1,28.596481323242188,-28.596481323242188
197,8,0,1,31.867786407470703,-31.867786407470703
198,7,0,1,28.87567901611328,-28.87567901611328
199,8,0,1,32.15966796875,-32.15966796875
200,5,0,1,30.309478759765625,-30.309478759765625
201,1,0,1,32.69581985473633,-32.69581985473633
202,8,0,1,30.253816604614258,-30.253816604614258
203,7,0,1,21.102567672729492,-21.102567672729492
204,1,0,1,29.97833251953125,-29.97833251953125
205,3,0,1,32.813899993896484,-32.813899993896484
206,0,0,1,32.6788330078125,-32.6788330078125
207,5,0,1,31.13311004638672,-31.13311004638672
208,7,0,1,27.993392944335938,-27.993392944335938
209,9,0,1,30.512104034423828,-30.512104034423828
210,7,0,1,31.715656280517578,-31.715656280517578
211,4,0,1,29.085865020751953,-29.085865020751953
212,5,0,1,27.976573944091797,-27.976573944091797
213,9,0,1,28.10992431640625,-28.10992431640625
214,8,0,1,29.984630584716797,-29.984630584716797
215,0,0,1,29.32953643798828,-29.32953643798828
216,7,0,1,28.182052612304688,-28.182052612304688
217,9,0,1,26.621389389038086,-26.621389389038086
218,8,0,1,31.452489852905273,-31.452489852905273
219,2,1,0,28.269485473632812,-28.269485473632812
220,7,0,1,28.88848114013672,-28.88848114013672
221,6,0,1,31.91293716430664,-31.91293716430664
222,9,0,1,22.00499725341797,-22.00499725341797
223,4,0,1,33.39701461791992,-33.39701461791992
224,3,0,1,28.762863159179688,-28.762863159179688
225,9,0,1,26.265003204345703,-26.265003204345703
226,6,0,1,33.50604248046875,-33.50604248046875
227,4,0,1,32.027374267578125,-32.027374267578125
228,7,0,1,31.99642562866211,-31.99642562866211
229,6,0,1,27.648082733154297,-27.648082733154297
230,5,0,1,28.60101890563965,-28.60101890563965
231,1,0,1,22.602479934692383,-22.602479934692383
232,5,0,1,25.565710067749023,-25.565710067749023
233,8,0,1,30.950225830078125,-30.950225830078125
234,8,0,1,33.77837371826172,-33.77837371826172
235,0,0,1,31.190570831298828,-31.190570831298828
236,4,0,1,34.61390686035156,-34.61390686035156
237,0,0,1,29.38174057006836,-29.38174057006836
238,5,0,1,29.276016235351562,-29.276016235351562
239,5,0,1,27.080141067504883,-27.080141067504883
240,1,0,1,28.060028076171875,-28.060028076171875
241,1,0,1,29.312049865722656,-29.312049865722656
242,8,0,1,31.552982330322266,-31.552982330322266
243,9,0,1,26.75027847290039,-26.75027847290039
244,0,0,1,28.733957290649414,-28.733957290649414
245,3,0,1,27.777782440185547,-27.777782440185547
246,1,0,1,32.817787170410156,-32.817787170410156
247,9,0,1,35.07291793823242,-35.07291793823242
248,2,1,0,28.90519142150879,-28.90519142150879
249,2,1,0,29.65229606628418,-29.65229606628418
250,5,0,1,31.81949234008789,-31.81949234008789
251,3,0,1,27.142230987548828,-27.142230987548828
252,9,0,1,21.477005004882812,-21.477005004882812
253,9,0,1,29.07914161682129,-29.07914161682129
254,4,0,1,33.11690902709961,-33.11690902709961
255,0,0,1,32.26875305175781,-32.26875305175781
256,3,0,1,30.618988037109375,-30.618988037109375
257,0,0,1,29.956886291503906,-29.956886291503906
258,0,0,1,30.80872344970703,-30.80872344970703
259,9,0,1,23.85211944580078,-23.85211944580078
260,8,0,1,28.705028533935547,-28.705028533935547
261,1,0,1,26.980501174926758,-26.980501174926758
262,5,0,1,32.47418212890625,-32.47418212890625
263,7,0,1,30.74966812133789,-30.74966812133789
264,0,0,1,30.981693267822266,-30.981693267822266
265,8,0,1,33.34760665893555,-33.34760665893555
266,2,1,0,31.643783569335938,-31.643783569335938
267,4,0,1,30.490989685058594,-30.490989685058594
268,7,0,1,30.581388473510742,-30.581388473510742
269,0,0,1,33.846622467041016,-33.846622467041016
270,2,1,0,34.71994400024414,-34.71994400024414
271,3,0,1,30.746871948242188,-30.746871948242188
272,6,0,1,26.870105743408203,-26.870105743408203
273,3,0,1,30.47534942626953,-30.47534942626953
274,8,0,1,32.198909759521484,-32.198909759521484
275,5,0,1,29.66623878479004,-29.66623878479004
276,0,0,1,24.701030731201172,-24.701030731201172
277,3,0,1,26.806825637817383,-26.806825637817383
278,4,0,1,29.343889236450195,-29.343889236450195
279,3,0,1,26.65601921081543,-26.65601921081543
280,9,0,1,24.240135192871094,-24.240135192871094
281,0,0,1,26.723773956298828,-26.723773956298828
282,6,0,1,31.757991790771484,-31.757991790771484
283,1,0,1,27.75014305114746,-27.75014305114746
284,0,0,1,30.042200088500977,-30.042200088500977
285,9,0,1,26.18909454345703,-26.18909454345703
286,1,0,1,25.829059600830078,-25.829059600830078
287,0,0,1,34.01434326171875,-34.01434326171875
288,7,0,1,28.107009887695312,-28.107009887695312
289,9,0,1,29.240690231323242,-29.240690231323242
290,1,0,1,23.223453521728516,-23.223453521728516
291,2,1,0,35.82073974609375,-35.82073974609375
292,6,0,1,31.02185821533203,-31.02185821533203
293,9,0,1,28.32952117919922,-28.32952117919922
294,3,0,1,24.882173538208008,-24.882173538208008
295,4,0,1,35.163700103759766,-35.163700103759766
296,6,0,1,24.647287368774414,-24.647287368774414
297,0,0,1,25.63273048400879,-25.63273048400879
298,0,0,1,24.220645904541016,-24.220645904541016
299,6,0,1,27.06743621826172,-27.06743621826172
300,6,0,1,26.604610443115234,-26.604610443115234
301,6,0,1,29.62132453918457,-29.62132453918457
302,3,0,1,30.999652862548828,-30.999652862548828
303,2,1,0,29.24030113220215,-29.24030113220215
304,6,0,1,35.65500259399414,-35.65500259399414
305,1,0,1,30.669689178466797,-30.669689178466797
306,8,0,1,27.93973159790039,-27.93973159790039
307,2,1,0,32.571468353271484,-32.571468353271484
308,1,0,1,25.59480857849121,-25.59480857849121
309,6,0,1,37.16851043701172,-37.16851043701172
310,8,0,1,32.8720817565918,-32.8720817565918
311,6,0,1,20.990407943725586,-20.990407943725586
312,8,0,1,35.37879180908203,-35.37879180908203
313,0,0,1,32.74431610107422,-32.74431610107422
314,4,0,1,30.236473083496094,-30.236473083496094
315,0,0,1,29.666173934936523,-29.666173934936523
316,7,0,1,32.0523681640625,-32.0523681640625
317,7,0,1,30.533205032348633,-30.533205032348633
318,5,0,1,30.35323715209961,-30.35323715209961
319,5,0,1,31.762859344482422,-31.762859344482422
320,3,0,1,34.33295822143555,-34.33295822143555
321,5,0,1,30.451725006103516,-30.451725006103516
322,2,1,0,29.80813980102539,-29.80813980102539
323,3,0,1,35.00715637207031,-35.00715637207031
324,4,0,1,27.67572784423828,-27.67572784423828
325,1,0,1,28.724340438842773,-28.724340438842773
326,7,0,1,31.70218276977539,-31.70218276977539
327,5,0,1,31.107776641845703,-31.107776641845703
328,4,0,1,30.848527908325195,-30.848527908325195
329,6,0,1,26.457582473754883,-26.457582473754883
330,1,0,1,27.497188568115234,-27.497188568115234
331,9,0,1,27.159046173095703,-27.159046173095703
332,3,0,1,32.93912124633789,-32.93912124633789
333,6,0,1,30.289457321166992,-30.289457321166992
334,6,0,1,28.288105010986328,-28.288105010986328
335,9,0,1,28.214153289794922,-28.214153289794922
336,3,0,1,31.33514404296875,-31.33514404296875
337,8,0,1,30.68675994873047,-30.68675994873047
338,0,0,1,30.628562927246094,-30.628562927246094
339,7,0,1,25.628938674926758,-25.628938674926758
340,2,1,0,27.671255111694336,-27.671255111694336
341,6,0,1,25.39470100402832,-25.39470100402832
342,2,1,0,32.99631118774414,-32.99631118774414
343,5,0,1,29.26388168334961,-29.26388168334961
344,8,0,1,29.6959228515625,-29.6959228515625
345,5,0,1,30.76504898071289,-30.76504898071289
346,4,0,1,32.44375228881836,-32.44375228881836
347,6,0,1,26.474929809570312,-26.474929809570312
348,8,0,1,28.817684173583984,-28.817684173583984
349,9,0,1,19.866500854492188,-19.866500854492188
350,9,0,1,26.35885238647461,-26.35885238647461
351,1,0,1,29.30459976196289,-29.30459976196289
352,0,0,1,31.526227951049805,-31.526227951049805
353,2,1,0,27.982349395751953,-27.982349395751953
354,2,1,0,32.776737213134766,-32.776737213134766
355,7,0,1,27.313007354736328,-27.313007354736328
356,3,0,1,35.153350830078125,-35.153350830078125
357,2,1,0,33.670623779296875,-33.670623779296875
358,8,0,1,28.66439437866211,-28.66439437866211
359,0,0,1,33.66978073120117,-33.66978073120117
360,9,0,1,29.187625885009766,-29.187625885009766
361,5,0,1,27.206634521484375,-27.206634521484375
362,8,0,1,29.63276481628418,-29.63276481628418
363,1,0,1,26.807559967041016,-26.807559967041016
364,9,0,1,26.795621871948242,-26.795621871948242
365,4,0,1,28.336322784423828,-28.336322784423828
366,1,0,1,27.586288452148438,-27.586288452148438
367,3,0,1,29.06011390686035,-29.06011390686035
368,8,0,1,29.042024612426758,-29.042024612426758
369,1,0,1,27.764617919921875,-27.764617919921875
370,4,0,1,36.44502258300781,-36.44502258300781
371,7,0,1,25.055328369140625,-25.055328369140625
372,9,0,1,26.238601684570312,-26.238601684570312
373,4,0,1,33.21927261352539,-33.21927261352539
374,2,1,0,25.843963623046875,-25.843963623046875
375,7,0,1,30.312158584594727,-30.312158584594727
376,0,0,1,32.05278396606445,-32.05278396606445
377,7,0,1,30.79353141784668,-30.79353141784668
378,0,0,1,33.152015686035156,-33.152015686035156
379,6,0,1,26.331737518310547,-26.331737518310547
380,6,0,1,27.399433135986328,-27.399433135986328
381,9,0,1,30.74771499633789,-30.74771499633789
382,0,0,1,30.38488006591797,-30.38488006591797
383,9,0,1,26.969003677368164,-26.969003677368164
384,2,1,0,31.037673950195312,-31.037673950195312
385,8,0,1,28.948923110961914,-28.948923110961914
386,7,0,1,30.330530166625977,-30.330530166625977
387,2,1,0,30.36444664001465,-30.36444664001465
388,2,1,0,31.444316864013672,-31.444316864013672
389,5,0,1,30.80213165283203,-30.80213165283203
390,1,0,1,29.193687438964844,-29.193687438964844
391,2,1,0,28.82611846923828,-28.82611846923828
392,6,0,1,25.379722595214844,-25.379722595214844
393,2,1,0,29.364673614501953,-29.364673614501953
394,9,0,1,28.093080520629883,-28.093080520629883
395,6,0,1,29.97043228149414,-29.97043228149414
396,2,1,0,30.78706932067871,-30.78706932067871
397,3,0,1,32.31308364868164,-32.31308364868164
398,0,0,1,31.758087158203125,-31.758087158203125
399,3,0,1,25.090904235839844,-25.090904235839844
400,9,0,1,26.750709533691406,-26.750709533691406
401,8,0,1,29.223506927490234,-29.223506927490234
402,7,0,1,30.404207229614258,-30.404207229614258
403,8,0,1,32.60038375854492,-32.60038375854492
404,8,0,1,32.52473831176758,-32.52473831176758
405,4,0,1,29.467044830322266,-29.467044830322266
406,0,0,1,27.705596923828125,-27.705596923828125
407,1,0,1,29.068878173828125,-29.068878173828125
408,8,0,1,31.15066146850586,-31.15066146850586
409,2,1,0,28.385372161865234,-28.385372161865234
410,7,0,1,31.26177978515625,-31.26177978515625
411,9,0,1,32.31707763671875,-32.31707763671875
412,3,0,1,30.296733856201172,-30.296733856201172
413,6,0,1,29.85772132873535,-29.85772132873535
414,1,0,1,21.218042373657227,-21.218042373657227
415,9,0,1,28.52477264404297,-28.52477264404297
416,0,0,1,29.454105377197266,-29.454105377197266
417,7,0,1,27.812259674072266,-27.812259674072266
418,3,0,1,30.034103393554688,-30.034103393554688
419,7,0,1,31.880870819091797,-31.880870819091797
420,4,0,1,31.93087387084961,-31.93087387084961
421,5,0,1,29.88652992248535,-29.88652992248535
422,0,0,1,33.948280334472656,-33.948280334472656
423,0,0,1,29.96969985961914,-29.96969985961914
424,2,1,0,35.547157287597656,-35.547157287597656
425,9,0,1,27.2277774810791,-27.2277774810791
426,3,0,1,27.94349479675293,-27.94349479675293
427,4,0,1,30.83742904663086,-30.83742904663086
428,0,0,1,24.986019134521484,-24.986019134521484
429,6,0,1,27.359941482543945,-27.359941482543945
430,2,1,0,32.56869125366211,-32.56869125366211
431,5,0,1,29.88072395324707,-29.88072395324707
432,3,0,1,32.27306365966797,-32.27306365966797
433,7,0,1,29.8913631439209,-29.8913631439209
434,3,0,1,27.444915771484375,-27.444915771484375
435,7,0,1,29.478008270263672,-29.478008270263672
436,2,1,0,28.711332321166992,-28.711332321166992
437,5,0,1,32.95553970336914,-32.95553970336914
438,3,0,1,29.44055938720703,-29.44055938720703
439,1,0,1,25.03066635131836,-25.03066635131836
440,1,0,1,24.879926681518555,-24.879926681518555
441,4,0,1,33.902374267578125,-33.902374267578125
442,9,0,1,29.70252227783203,-29.70252227783203
443,9,0,1,32.97848892211914,-32.97848892211914
444,5,0,1,28.557048797607422,-28.557048797607422
445,7,0,1,29.458965301513672,-29.458965301513672
446,5,0,1,35.01882553100586,-35.01882553100586
447,0,0,1,32.63832092285156,-32.63832092285156
448,2,1,0,33.20270538330078,-33.20270538330078
449,2,1,0,33.3405647277832,-33.3405647277832
450,2,1,0,30.57925796508789,-30.57925796508789
451,9,0,1,26.843910217285156,-26.843910217285156
452,7,0,1,28.121414184570312,-28.121414184570312
453,3,0,1,33.811988830566406,-33.811988830566406
454,9,0,1,32.20183563232422,-32.20183563232422
455,4,0,1,27.626739501953125,-27.626739501953125
456,3,0,1,31.32988166809082,-31.32988166809082
457,5,0,1,31.218095779418945,-31.218095779418945
458,4,0,1,31.401275634765625,-31.401275634765625
459,6,0,1,32.883216857910156,-32.883216857910156
460,5,0,1,25.95134735107422,-25.95134735107422
461,6,0,1,30.053699493408203,-30.053699493408203
462,1,0,1,24.601274490356445,-24.601274490356445
463,4,0,1,33.600364685058594,-33.600364685058594
464,3,0,1,29.461971282958984,-29.461971282958984
465,4,0,1,30.134424209594727,-30.134424209594727
466,4,0,1,27.673992156982422,-27.673992156982422
467,3,0,1,28.971759796142578,-28.971759796142578
468,7,0,1,27.79126739501953,-27.79126739501953
469,8,0,1,28.65142822265625,-28.65142822265625
470,3,0,1,33.616180419921875,-33.616180419921875
471,7,0,1,27.326271057128906,-27.326271057128906
472,8,0,1,29.327842712402344,-29.327842712402344
473,0,0,1,32.889617919921875,-32.889617919921875
474,5,0,1,26.237598419189453,-26.237598419189453
475,7,0,1,31.5324649810791,-31.5324649810791
476,6,0,1,29.760570526123047,-29.760570526123047
477,0,0,1,29.589717864990234,-29.589717864990234
478,5,0,1,31.662357330322266,-31.662357330322266
479,4,0,1,32.77446746826172,-32.77446746826172
480,8,0,1,29.46835708618164,-29.46835708618164
481,6,0,1,28.175893783569336,-28.175893783569336
482,8,0,1,36.97122573852539,-36.97122573852539
483,5,0,1,31.154891967773438,-31.154891967773438
484,5,0,1,27.208770751953125,-27.208770751953125
485,9,0,1,32.2137336730957,-32.2137336730957
486,9,0,1,29.385971069335938,-29.385971069335938
487,9,0,1,22.63216209411621,-22.63216209411621
488,5,0,1,30.49492645263672,-30.49492645263672
489,0,0,1,33.37220001220703,-33.37220001220703
490,1,0,1,29.345718383789062,-29.345718383789062
491,0,0,1,29.015050888061523,-29.015050888061523
492,8,0,1,34.72478103637695,-34.72478103637695
493,1,0,1,26.69658660888672,-26.69658660888672
494,1,0,1,32.065757751464844,-32.065757751464844
495,8,0,1,31.335872650146484,-31.335872650146484
496,0,0,1,29.422138214111328,-29.422138214111328
497,2,1,0,30.18744659423828,-30.18744659423828
498,2,1,0,33.74492263793945,-33.74492263793945
499,0,0,1,33.28712844848633,-33.28712844848633
500,4,0,1,28.516891479492188,-28.516891479492188
501,6,0,1,32.25476837158203,-32.25476837158203
502,5,0,1,32.610450744628906,-32.610450744628906
503,4,0,1,30.948684692382812,-30.948684692382812
504,9,0,1,30.236278533935547,-30.236278533935547
505,4,0,1,29.12826919555664,-29.12826919555664
506,7,0,1,29.179794311523438,-29.179794311523438
507,9,0,1,29.162755966186523,-29.162755966186523
508,9,0,1,29.714542388916016,-29.714542388916016
509,4,0,1,33.3232536315918,-33.3232536315918
510,5,0,1,29.48055648803711,-29.48055648803711
511,6,0,1,26.529447555541992,-26.529447555541992
512,6,0,1,27.914569854736328,-27.914569854736328
513,1,0,1,28.607261657714844,-28.607261657714844
514,5,0,1,29.20218276977539,-29.20218276977539
515,3,0,1,30.928546905517578,-30.928546905517578
516,8,0,1,27.878616333007812,-27.878616333007812
517,9,0,1,26.654699325561523,-26.654699325561523
518,5,0,1,30.959247589111328,-30.959247589111328
519,8,0,1,31.007328033447266,-31.007328033447266
520,5,0,1,29.25497055053711,-29.25497055053711
521,7,0,1,26.110212326049805,-26.110212326049805
522,0,0,1,28.68869400024414,-28.68869400024414
523,7,0,1,28.071434020996094,-28.071434020996094
524,0,0,1,29.360538482666016,-29.360538482666016
525,5,0,1,31.47353172302246,-31.47353172302246
526,0,0,1,33.26878356933594,-33.26878356933594
527,0,0,1,30.556671142578125,-30.556671142578125
528,4,0,1,29.511940002441406,-29.511940002441406
529,6,0,1,31.267202377319336,-31.267202377319336
530,9,0,1,32.1751594543457,-32.1751594543457
531,0,0,1,29.969154357910156,-29.969154357910156
532,9,0,1,29.370262145996094,-29.370262145996094
533,5,0,1,30.73937225341797,-30.73937225341797
534,6,0,1,30.54705047607422,-30.54705047607422
535,6,0,1,26.12929916381836,-26.12929916381836
536,6,0,1,30.546876907348633,-30.546876907348633
537,2,1,0,34.95003128051758,-34.95003128051758
538,9,0,1,34.07521057128906,-34.07521057128906
539,0,0,1,27.706470489501953,-27.706470489501953
540,1,0,1,21.888099670410156,-21.888099670410156
541,7,0,1,28.512723922729492,-28.512723922729492
542,6,0,1,28.933319091796875,-28.933319091796875
543,7,0,1,30.50095558166504,-30.50095558166504
544,5,0,1,34.202091217041016,-34.202091217041016
545,9,0,1,26.563739776611328,-26.563739776611328
546,1,0,1,27.897043228149414,-27.897043228149414
547,6,0,1,20.66362762451172,-20.66362762451172
548,2,1,0,29.19076156616211,-29.19076156616211
549,5,0,1,28.322444915771484,-28.322444915771484
550,5,0,1,30.752418518066406,-30.752418518066406
551,5,0,1,33.92231750488281,-33.92231750488281
552,8,0,1,31.75821876525879,-31.75821876525879
553,5,0,1,33.05460739135742,-33.05460739135742
554,9,0,1,27.844440460205078,-27.844440460205078
555,4,0,1,34.17344665527344,-34.17344665527344
556,6,0,1,31.51645851135254,-31.51645851135254
557,4,0,1,28.01923942565918,-28.01923942565918
558,3,0,1,27.034847259521484,-27.034847259521484
559,2,1,0,35.97040557861328,-35.97040557861328
560,0,0,1,30.307119369506836,-30.307119369506836
561,7,0,1,30.630298614501953,-30.630298614501953
562,6,0,1,29.006824493408203,-29.006824493408203
563,2,1,0,33.45486068725586,-33.45486068725586
564,2,1,0,30.41463851928711,-30.41463851928711
565,3,0,1,27.158275604248047,-27.158275604248047
566,9,0,1,29.734619140625,-29.734619140625
567,7,0,1,33.77928161621094,-33.77928161621094
568,9,0,1,28.74602508544922,-28.74602508544922
569,2,1,0,26.30251121520996,-26.30251121520996
570,6,0,1,33.832584381103516,-33.832584381103516
571,7,0,1,27.81100845336914,-27.81100845336914
572,1,0,1,28.99812126159668,-28.99812126159668
573,3,0,1,31.320953369140625,-31.320953369140625
574,6,0,1,25.6602840423584,-25.6602840423584
575,6,0,1,28.653499603271484,-28.653499603271484
576,8,0,1,32.46416473388672,-32.46416473388672
577,9,0,1,32.38438034057617,-32.38438034057617
578,7,0,1,27.56069564819336,-27.56069564819336
579,5,0,1,33.39838790893555,-33.39838790893555
580,4,0,1,29.74565887451172,-29.74565887451172
581,0,0,1,30.948110580444336,-30.948110580444336
582,8,0,1,25.84696388244629,-25.84696388244629
583,4,0,1,31.246383666992188,-31.246383666992188
584,0,0,1,30.430259704589844,-30.430259704589844
585,9,0,1,32.11259078979492,-32.11259078979492
586,3,0,1,32.702552795410156,-32.702552795410156
587,4,0,1,31.795969009399414,-31.795969009399414
588,8,0,1,32.71895980834961,-32.71895980834961
589,9,0,1,21.21419906616211,-21.21419906616211
590,6,0,1,29.02863311767578,-29.02863311767578
591,9,0,1,29.53230857849121,-29.53230857849121
592,2,1,0,34.685523986816406,-34.685523986816406
593,6,0,1,31.841318130493164,-31.841318130493164
594,1,0,1,29.149173736572266,-29.149173736572266
595,4,0,1,31.21946144104004,-31.21946144104004
596,7,0,1,29.377588272094727,-29.377588272094727
597,3,0,1,32.63282012939453,-32.63282012939453
598,5,0,1,30.18035316467285,-30.18035316467285
599,3,0,1,31.22504425048828,-31.22504425048828
600,8,0,1,28.409759521484375,-28.409759521484375
601,5,0,1,30.083946228027344,-30.083946228027344
602,0,0,1,31.301565170288086,-31.301565170288086
603,2,1,0,35.72036361694336,-35.72036361694336
604,1,0,1,27.499614715576172,-27.499614715576172
605,6,0,1,27.07462501525879,-27.07462501525879
606,4,0,1,27.76559829711914,-27.76559829711914
607,3,0,1,31.326988220214844,-31.326988220214844
608,3,0,1,30.055360794067383,-30.055360794067383
609,9,0,1,24.671722412109375,-24.671722412109375
610,6,0,1,27.78520393371582,-27.78520393371582
611,9,0,1,24.90003204345703,-24.90003204345703
612,8,0,1,26.18263816833496,-26.18263816833496
613,8,0,1,31.54840087890625,-31.54840087890625
614,5,0,1,32.225852966308594,-32.225852966308594
615,8,0,1,28.696027755737305,-28.696027755737305
616,6,0,1,27.84602165222168,-27.84602165222168
617,6,0,1,27.74420738220215,-27.74420738220215
618,2,1,0,28.877891540527344,-28.877891540527344
619,1,0,1,26.852081298828125,-26.852081298828125
620,7,0,1,30.800243377685547,-30.800243377685547
621,7,0,1,29.0255184173584,-29.0255184173584
622,1,0,1,28.689895629882812,-28.689895629882812
623,2,1,0,24.559873580932617,-24.559873580932617
624,7,0,1,30.821136474609375,-30.821136474609375
625,9,0,1,27.947587966918945,-27.947587966918945
626,9,0,1,24.55756950378418,-24.55756950378418
627,4,0,1,31.312088012695312,-31.312088012695312
628,4,0,1,30.230514526367188,-30.230514526367188
629,1,0,1,32.27165222167969,-32.27165222167969
630,2,1,0,33.38959503173828,-33.38959503173828
631,5,0,1,34.76554870605469,-34.76554870605469
632,6,0,1,30.77276611328125,-30.77276611328125
633,8,0,1,30.43375015258789,-30.43375015258789
634,7,0,1,33.52125930786133,-33.52125930786133
635,6,0,1,32.37139892578125,-32.37139892578125
636,8,0,1,30.888370513916016,-30.888370513916016
637,3,0,1,32.642120361328125,-32.642120361328125
638,0,0,1,31.047210693359375,-31.047210693359375
639,5,0,1,29.296104431152344,-29.296104431152344
640,5,0,1,30.670963287353516,-30.670963287353516
641,3,0,1,29.59482192993164,-29.59482192993164
642,0,0,1,31.15553092956543,-31.15553092956543
643,7,0,1,26.279054641723633,-26.279054641723633
644,9,0,1,32.382057189941406,-32.382057189941406
645,1,0,1,23.43405532836914,-23.43405532836914
646,3,0,1,31.24434471130371,-31.24434471130371
647,4,0,1,35.53367614746094,-35.53367614746094
648,4,0,1,32.98310089111328,-32.98310089111328
649,5,0,1,28.340251922607422,-28.340251922607422
650,3,0,1,30.786584854125977,-30.786584854125977
651,9,0,1,27.1434383392334,-27.1434383392334
652,5,0,1,26.22814178466797,-26.22814178466797
653,6,0,1,30.176904678344727,-30.176904678344727
654,9,0,1,28.1105899810791,-28.1105899810791
655,2,1,0,28.583005905151367,-28.583005905151367
656,1,0,1,25.516952514648438,-25.516952514648438
657,1,0,1,25.733699798583984,-25.733699798583984
658,4,0,1,33.632835388183594,-33.632835388183594
659,1,0,1,30.67951202392578,-30.67951202392578
660,9,0,1,29.85660743713379,-29.85660743713379
661,4,0,1,31.542381286621094,-31.542381286621094
662,7,0,1,29.847719192504883,-29.847719192504883
663,6,0,1,34.18507766723633,-34.18507766723633
664,3,0,1,26.637840270996094,-26.637840270996094
665,8,0,1,32.38983154296875,-32.38983154296875
666,9,0,1,24.126937866210938,-24.126937866210938
667,0,0,1,30.224653244018555,-30.224653244018555
668,1,0,1,28.413406372070312,-28.413406372070312
669,3,0,1,30.548545837402344,-30.548545837402344
670,6,0,1,30.057144165039062,-30.057144165039062
671,3,0,1,27.73223114013672,-27.73223114013672
672,6,0,1,29.57799530029297,-29.57799530029297
673,3,0,1,28.74327278137207,-28.74327278137207
674,2,1,0,33.41581726074219,-33.41581726074219
675,0,0,1,27.724891662597656,-27.724891662597656
676,3,0,1,30.681230545043945,-30.681230545043945
677,1,0,1,30.8537654876709,-30.8537654876709
678,0,0,1,26.905746459960938,-26.905746459960938
679,5,0,1,28.89542007446289,-28.89542007446289
680,9,0,1,26.93045425415039,-26.93045425415039
681,6,0,1,29.310836791992188,-29.310836791992188
682,4,0,1,32.51546096801758,-32.51546096801758
683,8,0,1,30.444015502929688,-30.444015502929688
684,9,0,1,30.198036193847656,-30.198036193847656
685,6,0,1,33.89690017700195,-33.89690017700195
686,9,0,1,28.523418426513672,-28.523418426513672
687,6,0,1,29.093181610107422,-29.093181610107422
688,3,0,1,34.77155685424805,-34.77155685424805
689,0,0,1,31.593332290649414,-31.593332290649414
690,3,0,1,33.09479904174805,-33.09479904174805
691,2,1,0,31.212596893310547,-31.212596893310547
692,2,1,0,28.338947296142578,-28.338947296142578
693,7,0,1,30.379032135009766,-30.379032135009766
694,8,0,1,31.510677337646484,-31.510677337646484
695,3,0,1,32.63741683959961,-32.63741683959961
696,8,0,1,30.89033317565918,-30.89033317565918
697,2,1,0,32.7614860534668,-32.7614860534668
698,7,0,1,30.88729476928711,-30.88729476928711
699,5,0,1,29.608911514282227,-29.608911514282227
700,7,0,1,28.627635955810547,-28.627635955810547
701,2,1,0,28.466941833496094,-28.466941833496094
702,4,0,1,30.69536018371582,-30.69536018371582
703,8,0,1,33.74010467529297,-33.74010467529297
704,7,0,1,31.04233741760254,-31.04233741760254
705,4,0,1,32.078369140625,-32.078369140625
706,2,1,0,32.005409240722656,-32.005409240722656
707,9,0,1,29.025514602661133,-29.025514602661133
708,8,0,1,30.50214385986328,-30.50214385986328
709,8,0,1,34.60305404663086,-34.60305404663086
710,6,0,1,26.22311782836914,-26.22311782836914
711,8,0,1,31.92359733581543,-31.92359733581543
712,8,0,1,32.256866455078125,-32.256866455078125
713,7,0,1,31.3400936126709,-31.3400936126709
714,4,0,1,31.748672485351562,-31.748672485351562
715,3,0,1,29.304134368896484,-29.304134368896484
716,3,0,1,34.43486785888672,-34.43486785888672
717,8,0,1,34.21767807006836,-34.21767807006836
718,4,0,1,28.378185272216797,-28.378185272216797
719,9,0,1,34.44042205810547,-34.44042205810547
720,4,0,1,30.59160804748535,-30.59160804748535
721,8,0,1,30.357946395874023,-30.357946395874023
722,8,0,1,29.261497497558594,-29.261497497558594
723,1,0,1,28.244054794311523,-28.244054794311523
724,8,0,1,32.10635757446289,-32.10635757446289
725,2,1,0,31.759742736816406,-31.759742736816406
726,1,0,1,26.79828643798828,-26.79828643798828
727,3,0,1,31.803298950195312,-31.803298950195312
728,6,0,1,33.48359680175781,-33.48359680175781
729,5,0,1,28.21350860595703,-28.21350860595703
730,4,0,1,27.181045532226562,-27.181045532226562
731,2,1,0,27.674190521240234,-27.674190521240234
732,7,0,1,27.1071720123291,-27.1071720123291
733,9,0,1,28.790138244628906,-28.790138244628906
734,9,0,1,24.947072982788086,-24.947072982788086
735,4,0,1,35.740474700927734,-35.740474700927734
736,1,0,1,28.06892204284668,-28.06892204284668
737,4,0,1,30.43704605102539,-30.43704605102539
738,1,0,1,26.68648910522461,-26.68648910522461
739,3,0,1,27.891836166381836,-27.891836166381836
740,2,1,0,29.050647735595703,-29.050647735595703
741,7,0,1,20.805173873901367,-20.805173873901367
742,0,0,1,29.55532455444336,-29.55532455444336
743,7,0,1,27.663311004638672,-27.663311004638672
744,9,0,1,35.34515380859375,-35.34515380859375
745,7,0,1,31.40991973876953,-31.40991973876953
746,6,0,1,32.65708923339844,-32.65708923339844
747,6,0,1,30.743263244628906,-30.743263244628906
748,2,1,0,33.568092346191406,-33.568092346191406
749,5,0,1,32.16659164428711,-32.16659164428711
750,9,0,1,29.207168579101562,-29.207168579101562
751,2,1,0,32.566246032714844,-32.566246032714844
752,9,0,1,29.798782348632812,-29.798782348632812
753,1,0,1,25.92959213256836,-25.92959213256836
754,2,1,0,34.974788665771484,-34.974788665771484
755,2,1,0,37.840484619140625,-37.840484619140625
756,6,0,1,32.11579132080078,-32.11579132080078
757,8,0,1,32.83268737792969,-32.83268737792969
758,2,1,0,34.3182373046875,-34.3182373046875
759,1,0,1,26.41046142578125,-26.41046142578125
760,3,0,1,29.37079429626465,-29.37079429626465
761,6,0,1,32.148223876953125,-32.148223876953125
762,6,0,1,23.86050033569336,-23.86050033569336
763,0,0,1,28.01705551147461,-28.01705551147461
764,1,0,1,25.748788833618164,-25.748788833618164
765,2,1,0,33.532745361328125,-33.532745361328125
766,7,0,1,34.315452575683594,-34.315452575683594
767,0,0,1,29.61063003540039,-29.61063003540039
768,5,0,1,33.15350341796875,-33.15350341796875
769,4,0,1,31.397354125976562,-31.397354125976562
770,6,0,1,29.369800567626953,-29.369800567626953
771,1,0,1,29.09476661682129,-29.09476661682129
772,6,0,1,23.758689880371094,-23.758689880371094
773,4,0,1,31.179401397705078,-31.179401397705078
774,0,0,1,32.73505783081055,-32.73505783081055
775,2,1,0,30.489599227905273,-30.489599227905273
776,2,1,0,28.729671478271484,-28.729671478271484
777,6,0,1,30.12765884399414,-30.12765884399414
778,0,0,1,36.62141036987305,-36.62141036987305
779,5,0,1,22.677810668945312,-22.677810668945312
780,9,0,1,24.086824417114258,-24.086824417114258
781,1,0,1,28.26852798461914,-28.26852798461914
782,7,0,1,29.958812713623047,-29.958812713623047
783,6,0,1,30.605436325073242,-30.605436325073242
784,7,0,1,29.54007339477539,-29.54007339477539
785,0,0,1,29.18567657470703,-29.18567657470703
786,3,0,1,29.03297233581543,-29.03297233581543
787,9,0,1,29.863855361938477,-29.863855361938477
788,6,0,1,29.564218521118164,-29.564218521118164
789,8,0,1,32.82795715332031,-32.82795715332031
790,3,0,1,28.169483184814453,-28.169483184814453
791,0,0,1,29.381635665893555,-29.381635665893555
792,3,0,1,31.433534622192383,-31.433534622192383
793,4,0,1,30.52536392211914,-30.52536392211914
794,7,0,1,30.750484466552734,-30.750484466552734
795,7,0,1,30.051982879638672,-30.051982879638672
796,1,0,1,28.29120445251465,-28.29120445251465
797,4,0,1,33.015384674072266,-33.015384674072266
798,7,0,1,31.0998592376709,-31.0998592376709
799,2,1,0,33.20240020751953,-33.20240020751953
800,7,0,1,28.670520782470703,-28.670520782470703
801,1,0,1,21.310745239257812,-21.310745239257812
802,4,0,1,22.681230545043945,-22.681230545043945
803,7,0,1,27.82732582092285,-27.82732582092285
804,4,0,1,32.11834716796875,-32.11834716796875
805,4,0,1,32.9984130859375,-32.9984130859375
806,8,0,1,29.928834915161133,-29.928834915161133
807,4,0,1,30.693607330322266,-30.693607330322266
808,7,0,1,28.68090057373047,-28.68090057373047
809,7,0,1,31.882633209228516,-31.882633209228516
810,5,0,1,30.772010803222656,-30.772010803222656
811,3,0,1,31.202938079833984,-31.202938079833984
812,7,0,1,30.73968505859375,-30.73968505859375
813,2,1,0,32.20979690551758,-32.20979690551758
814,0,0,1,28.524158477783203,-28.524158477783203
815,8,0,1,30.708776473999023,-30.708776473999023
816,9,0,1,29.838315963745117,-29.838315963745117
817,5,0,1,28.251747131347656,-28.251747131347656
818,8,0,1,30.739561080932617,-30.739561080932617
819,3,0,1,29.226539611816406,-29.226539611816406
820,6,0,1,30.40843963623047,-30.40843963623047
821,2,1,0,31.90972900390625,-31.90972900390625
822,0,0,1,30.331378936767578,-30.331378936767578
823,8,0,1,30.805023193359375,-30.805023193359375
824,7,0,1,29.746055603027344,-29.746055603027344
825,3,0,1,30.31966781616211,-30.31966781616211
826,7,0,1,32.3680534362793,-32.3680534362793
827,6,0,1,26.34840965270996,-26.34840965270996
828,5,0,1,27.59667205810547,-27.59667205810547
829,3,0,1,28.63198471069336,-28.63198471069336
830,1,0,1,27.487096786499023,-27.487096786499023
831,3,0,1,30.296676635742188,-30.296676635742188
832,2,1,0,30.52723503112793,-30.52723503112793
833,2,1,0,30.624521255493164,-30.624521255493164
834,5,0,1,30.757957458496094,-30.757957458496094
835,4,0,1,27.57001304626465,-27.57001304626465
836,1,0,1,28.830127716064453,-28.830127716064453
837,2,1,0,33.24604415893555,-33.24604415893555
838,9,0,1,29.236059188842773,-29.236059188842773
839,2,1,0,34.6744499206543,-34.6744499206543
840,7,0,1,27.62197494506836,-27.62197494506836
841,0,0,1,34.87557601928711,-34.87557601928711
842,7,0,1,27.733606338500977,-27.733606338500977
843,2,1,0,33.96089553833008,-33.96089553833008
844,1,0,1,26.321685791015625,-26.321685791015625
845,3,0,1,29.084423065185547,-29.084423065185547
846,2,1,0,30.93706703186035,-30.93706703186035
847,0,0,1,28.082977294921875,-28.082977294921875
848,2,1,0,34.11074447631836,-34.11074447631836
849,4,0,1,33.58503723144531,-33.58503723144531
850,7,0,1,30.367013931274414,-30.367013931274414
851,9,0,1,27.67365264892578,-27.67365264892578
852,8,0,1,29.632413864135742,-29.632413864135742
853,9,0,1,28.800643920898438,-28.800643920898438
854,0,0,1,28.582658767700195,-28.582658767700195
855,7,0,1,28.84412384033203,-28.84412384033203
856,7,0,1,28.98293685913086,-28.98293685913086
857,0,0,1,37.64252471923828,-37.64252471923828
858,7,0,1,32.14060974121094,-32.14060974121094
859,8,0,1,30.524452209472656,-30.524452209472656
860,4,0,1,31.896831512451172,-31.896831512451172
861,6,0,1,28.11319923400879,-28.11319923400879
862,3,0,1,30.865690231323242,-30.865690231323242
863,3,0,1,28.81314468383789,-28.81314468383789
864,0,0,1,32.56893539428711,-32.56893539428711
865,1,0,1,29.7208194732666,-29.7208194732666
866,3,0,1,31.824737548828125,-31.824737548828125
867,7,0,1,32.615631103515625,-32.615631103515625
868,0,0,1,32.6939811706543,-32.6939811706543
869,1,0,1,32.375003814697266,-32.375003814697266
870,3,0,1,34.50774383544922,-34.50774383544922
871,1,0,1,26.40494155883789,-26.40494155883789
872,4,0,1,31.670278549194336,-31.670278549194336
873,2,1,0,31.178144454956055,-31.178144454956055
874,3,0,1,26.17558479309082,-26.17558479309082
875,8,0,1,28.536550521850586,-28.536550521850586
876,4,0,1,33.139034271240234,-33.139034271240234
877,2,1,0,31.814937591552734,-31.814937591552734
878,3,0,1,30.490432739257812,-30.490432739257812
879,7,0,1,28.968446731567383,-28.968446731567383
880,8,0,1,31.17037582397461,-31.17037582397461
881,4,0,1,30.163909912109375,-30.163909912109375
882,3,0,1,23.818187713623047,-23.818187713623047
883,0,0,1,25.722232818603516,-25.722232818603516
884,9,0,1,32.196495056152344,-32.196495056152344
885,0,0,1,29.11738395690918,-29.11738395690918
886,0,0,1,27.050350189208984,-27.050350189208984
887,1,0,1,27.636672973632812,-27.636672973632812
888,0,0,1,29.285127639770508,-29.285127639770508
889,4,0,1,27.03980255126953,-27.03980255126953
890,4,0,1,29.00442886352539,-29.00442886352539
891,6,0,1,22.813079833984375,-22.813079833984375
892,7,0,1,25.34781837463379,-25.34781837463379
893,6,0,1,30.206127166748047,-30.206127166748047
894,1,0,1,24.903276443481445,-24.903276443481445
895,1,0,1,28.082500457763672,-28.082500457763672
896,3,0,1,23.934598922729492,-23.934598922729492
897,7,0,1,30.87432098388672,-30.87432098388672
898,3,0,1,28.621267318725586,-28.621267318725586
899,5,0,1,27.654407501220703,-27.654407501220703
900,2,1,0,32.425357818603516,-32.425357818603516
901,6,0,1,34.49415588378906,-34.49415588378906
902,6,0,1,27.5872745513916,-27.5872745513916
903,5,0,1,31.00623893737793,-31.00623893737793
904,8,0,1,31.64002227783203,-31.64002227783203
905,7,0,1,31.260196685791016,-31.260196685791016
906,1,0,1,27.639480590820312,-27.639480590820312
907,6,0,1,31.424449920654297,-31.424449920654297
908,8,0,1,33.38668441772461,-33.38668441772461
909,8,0,1,28.895889282226562,-28.895889282226562
910,5,0,1,28.223495483398438,-28.223495483398438
911,3,0,1,28.397018432617188,-28.397018432617188
912,0,0,1,29.825572967529297,-29.825572967529297
913,4,0,1,31.146127700805664,-31.146127700805664
914,0,0,1,32.345001220703125,-32.345001220703125
915,1,0,1,27.567201614379883,-27.567201614379883
916,3,0,1,34.25108337402344,-34.25108337402344
917,8,0,1,31.208274841308594,-31.208274841308594
918,8,0,1,26.823427200317383,-26.823427200317383
919,0,0,1,32.484954833984375,-32.484954833984375
920,6,0,1,28.25759506225586,-28.25759506225586
921,9,0,1,27.82587432861328,-27.82587432861328
922,9,0,1,27.959009170532227,-27.959009170532227
923,9,0,1,29.86409568786621,-29.86409568786621
924,5,0,1,26.527429580688477,-26.527429580688477
925,5,0,1,26.256351470947266,-26.256351470947266
926,8,0,1,30.645130157470703,-30.645130157470703
927,6,0,1,30.39875602722168,-30.39875602722168
928,0,0,1,34.044639587402344,-34.044639587402344
929,0,0,1,30.60057258605957,-30.60057258605957
930,4,0,1,30.873136520385742,-30.873136520385742
931,2,1,0,32.74873352050781,-32.74873352050781
932,3,0,1,28.97174644470215,-28.97174644470215
933,2,1,0,31.482677459716797,-31.482677459716797
934,7,0,1,22.007823944091797,-22.007823944091797
935,2,1,0,30.224328994750977,-30.224328994750977
936,2,1,0,34.87186050415039,-34.87186050415039
937,5,0,1,27.50068473815918,-27.50068473815918
938,9,0,1,30.57694435119629,-30.57694435119629
939,8,0,1,29.766786575317383,-29.766786575317383
940,9,0,1,20.81736183166504,-20.81736183166504
941,1,0,1,31.184505462646484,-31.184505462646484
942,7,0,1,27.203603744506836,-27.203603744506836
943,4,0,1,27.36028289794922,-27.36028289794922
944,0,0,1,33.33186340332031,-33.33186340332031
945,3,0,1,25.988903045654297,-25.988903045654297
946,0,0,1,28.37936782836914,-28.37936782836914
947,1,0,1,28.131629943847656,-28.131629943847656
948,3,0,1,28.816375732421875,-28.816375732421875
949,8,0,1,28.53855323791504,-28.53855323791504
950,3,0,1,30.90666961669922,-30.90666961669922
951,9,0,1,29.244659423828125,-29.244659423828125
952,6,0,1,32.55036544799805,-32.55036544799805
953,1,0,1,30.02610206604004,-30.02610206604004
954,4,0,1,27.932458877563477,-27.932458877563477
955,7,0,1,30.99601936340332,-30.99601936340332
956,0,0,1,29.872629165649414,-29.872629165649414
957,3,0,1,32.31744384765625,-32.31744384765625
958,7,0,1,26.861242294311523,-26.861242294311523
959,8,0,1,28.644550323486328,-28.644550323486328
960,9,0,1,25.72241973876953,-25.72241973876953
961,1,0,1,30.767230987548828,-30.767230987548828
962,1,0,1,24.91998291015625,-24.91998291015625
963,6,0,1,31.005516052246094,-31.005516052246094
964,6,0,1,30.544519424438477,-30.544519424438477
965,6,0,1,32.94088363647461,-32.94088363647461
966,6,0,1,27.746009826660156,-27.746009826660156
967,9,0,1,27.818016052246094,-27.818016052246094
968,1,0,1,26.910381317138672,-26.910381317138672
969,9,0,1,26.79876136779785,-26.79876136779785
970,9,0,1,24.837345123291016,-24.837345123291016
971,4,0,1,31.195985794067383,-31.195985794067383
972,2,1,0,24.451108932495117,-24.451108932495117
973,1,0,1,26.505695343017578,-26.505695343017578
974,7,0,1,29.05763816833496,-29.05763816833496
975,0,0,1,31.57197380065918,-31.57197380065918
976,6,0,1,31.17174530029297,-31.17174530029297
977,8,0,1,34.6599235534668,-34.6599235534668
978,1,0,1,28.854520797729492,-28.854520797729492
979,9,0,1,28.893875122070312,-28.893875122070312
980,2,1,0,33.6985969543457,-33.6985969543457
981,9,0,1,28.910415649414062,-28.910415649414062
982,0,0,1,30.909976959228516,-30.909976959228516
983,4,0,1,33.22050476074219,-33.22050476074219
984,7,0,1,26.835777282714844,-26.835777282714844
985,8,0,1,33.42756652832031,-33.42756652832031
986,3,0,1,28.500900268554688,-28.500900268554688
987,1,0,1,27.26085090637207,-27.26085090637207
988,2,1,0,27.551910400390625,-27.551910400390625
989,0,0,1,35.10342025756836,-35.10342025756836
990,1,0,1,27.713842391967773,-27.713842391967773
991,5,0,1,31.412015914916992,-31.412015914916992
992,8,0,1,25.565753936767578,-25.565753936767578
993,4,0,1,26.746437072753906,-26.746437072753906
994,6,0,1,24.54231834411621,-24.54231834411621
995,3,0,1,31.10177993774414,-31.10177993774414
996,8,0,1,31.750789642333984,-31.750789642333984
997,1,0,1,23.411787033081055,-23.411787033081055
998,3,0,1,28.303579330444336,-28.303579330444336
999,8,0,1,33.56709671020508,-33.56709671020508
1000,5,0,1,30.01775360107422,-30.01775360107422
1001,0,0,1,32.345584869384766,-32.345584869384766
1002,8,0,1,31.915340423583984,-31.915340423583984
1003,4,0,1,32.00011444091797,-32.00011444091797
1004,8,0,1,33.352577209472656,-33.352577209472656
1005,1,0,1,27.13485336303711,-27.13485336303711
1006,1,0,1,26.82126808166504,-26.82126808166504
1007,8,0,1,26.601903915405273,-26.601903915405273
1008,9,0,1,31.36269187927246,-31.36269187927246
1009,6,0,1,20.92091178894043,-20.92091178894043
1010,0,0,1,30.943262100219727,-30.943262100219727
1011,8,0,1,34.34205627441406,-34.34205627441406
1012,6,0,1,24.14809799194336,-24.14809799194336
1013,1,0,1,27.354839324951172,-27.354839324951172
1014,3,0,1,32.653560638427734,-32.653560638427734
1015,4,0,1,31.5983829498291,-31.5983829498291
1016,1,0,1,30.604236602783203,-30.604236602783203
1017,6,0,1,29.16574478149414,-29.16574478149414
1018,0,0,1,33.413055419921875,-33.413055419921875
1019,5,0,1,23.53023338317871,-23.53023338317871
1020,1,0,1,22.7750186920166,-22.7750186920166
1021,1,0,1,31.32204246520996,-31.32204246520996
1022,0,0,1,31.898157119750977,-31.898157119750977
1023,0,0,1,24.897493362426758,-24.897493362426758
1024,3,0,1,31.902088165283203,-31.902088165283203
1025,5,0,1,29.92191505432129,-29.92191505432129
1026,0,0,1,31.543956756591797,-31.543956756591797
1027,0,0,1,34.47478485107422,-34.47478485107422
1028,6,0,1,27.678802490234375,-27.678802490234375
1029,6,0,1,30.143922805786133,-30.143922805786133
1030,3,0,1,29.73908042907715,-29.73908042907715
1031,3,0,1,25.4805965423584,-25.4805965423584
1032,6,0,1,27.283119201660156,-27.283119201660156
1033,3,0,1,34.57672882080078,-34.57672882080078
1034,6,0,1,30.161678314208984,-30.161678314208984
1035,6,0,1,30.295337677001953,-30.295337677001953
1036,0,0,1,31.031883239746094,-31.031883239746094
1037,7,0,1,27.986534118652344,-27.986534118652344
1038,2,1,0,31.70659637451172,-31.70659637451172
1039,2,1,0,30.393070220947266,-30.393070220947266
1040,7,0,1,26.77140235900879,-26.77140235900879
1041,5,0,1,29.580089569091797,-29.580089569091797
1042,5,0,1,32.51782989501953,-32.51782989501953
1043,2,1,0,34.387752532958984,-34.387752532958984
1044,8,0,1,30.998899459838867,-30.998899459838867
1045,5,0,1,30.644657135009766,-30.644657135009766
1046,2,1,0,35.17177963256836,-35.17177963256836
1047,1,0,1,31.338420867919922,-31.338420867919922
1048,1,0,1,24.310611724853516,-24.310611724853516
1049,4,0,1,29.366168975830078,-29.366168975830078
1050,3,0,1,22.546035766601562,-22.546035766601562
1051,2,1,0,20.099164962768555,-20.099164962768555
1052,0,0,1,31.678497314453125,-31.678497314453125
1053,3,0,1,31.147558212280273,-31.147558212280273
1054,1,0,1,29.491535186767578,-29.491535186767578
1055,5,0,1,31.628353118896484,-31.628353118896484
1056,3,0,1,28.225053787231445,-28.225053787231445
1057,7,0,1,30.07569122314453,-30.07569122314453
1058,6,0,1,25.491119384765625,-25.491119384765625
1059,8,0,1,33.37800598144531,-33.37800598144531
1060,9,0,1,27.012916564941406,-27.012916564941406
1061,1,0,1,30.88541603088379,-30.88541603088379
1062,6,0,1,33.07289123535156,-33.07289123535156
1063,4,0,1,29.954795837402344,-29.954795837402344
1064,9,0,1,28.947385787963867,-28.947385787963867
1065,3,0,1,30.12738800048828,-30.12738800048828
1066,9,0,1,26.66582489013672,-26.66582489013672
1067,0,0,1,28.540451049804688,-28.540451049804688
1068,9,0,1,28.777578353881836,-28.777578353881836
1069,6,0,1,25.766077041625977,-25.766077041625977
1070,3,0,1,31.095468521118164,-31.095468521118164
1071,6,0,1,27.354061126708984,-27.354061126708984
1072,0,0,1,31.92861557006836,-31.92861557006836
1073,7,0,1,29.304712295532227,-29.304712295532227
1074,3,0,1,33.530208587646484,-33.530208587646484
1075,8,0,1,32.10834884643555,-32.10834884643555
1076,0,0,1,28.935388565063477,-28.935388565063477
1077,0,0,1,31.931182861328125,-31.931182861328125
1078,0,0,1,31.706987380981445,-31.706987380981445
1079,6,0,1,28.39618682861328,-28.39618682861328
1080,6,0,1,24.384275436401367,-24.384275436401367
1081,6,0,1,26.862754821777344,-26.862754821777344
1082,9,0,1,25.82744598388672,-25.82744598388672
1083,2,1,0,34.008445739746094,-34.008445739746094
1084,5,0,1,33.76194381713867,-33.76194381713867
1085,4,0,1,30.137943267822266,-30.137943267822266
1086,4,0,1,31.76014518737793,-31.76014518737793
1087,6,0,1,27.793659210205078,-27.793659210205078
1088,3,0,1,27.735164642333984,-27.735164642333984
1089,6,0,1,27.108083724975586,-27.108083724975586
1090,0,0,1,34.01311492919922,-34.01311492919922
1091,8,0,1,30.903507232666016,-30.903507232666016
1092,6,0,1,33.2050895690918,-33.2050895690918
1093,0,0,1,32.531368255615234,-32.531368255615234
1094,6,0,1,28.182504653930664,-28.182504653930664
1095,2,1,0,30.933147430419922,-30.933147430419922
1096,7,0,1,29.560455322265625,-29.560455322265625
1097,5,0,1,26.82365608215332,-26.82365608215332
1098,1,0,1,28.225025177001953,-28.225025177001953
1099,2,1,0,36.413150787353516,-36.413150787353516
1100,7,0,1,26.3974609375,-26.3974609375
1101,8,0,1,32.929931640625,-32.929931640625
1102,8,0,1,30.171775817871094,-30.171775817871094
1103,0,0,1,30.226863861083984,-30.226863861083984
1104,9,0,1,28.247514724731445,-28.247514724731445
1105,4,0,1,31.14406967163086,-31.14406967163086
1106,9,0,1,25.441024780273438,-25.441024780273438
1107,7,0,1,26.026321411132812,-26.026321411132812
1108,2,1,0,30.089155197143555,-30.089155197143555
1109,0,0,1,29.18054962158203,-29.18054962158203
1110,2,1,0,27.195810317993164,-27.195810317993164
1111,8,0,1,33.422847747802734,-33.422847747802734
1112,3,0,1,29.818918228149414,-29.818918228149414
1113,8,0,1,29.761430740356445,-29.761430740356445
1114,9,0,1,29.718685150146484,-29.718685150146484
1115,1,0,1,25.99041175842285,-25.99041175842285
1116,5,0,1,31.372230529785156,-31.372230529785156
1117,5,0,1,34.79157257080078,-34.79157257080078
1118,4,0,1,28.916648864746094,-28.916648864746094
1119,7,0,1,24.519187927246094,-24.519187927246094
1120,5,0,1,31.14360809326172,-31.14360809326172
1121,3,0,1,30.951725006103516,-30.951725006103516
1122,8,0,1,35.32762908935547,-35.32762908935547
1123,3,0,1,31.3092041015625,-31.3092041015625
1124,3,0,1,33.667320251464844,-33.667320251464844
1125,6,0,1,31.87784767150879,-31.87784767150879
1126,2,1,0,31.539161682128906,-31.539161682128906
1127,8,0,1,34.205902099609375,-34.205902099609375
1128,4,0,1,26.872615814208984,-26.872615814208984
1129,3,0,1,31.31920051574707,-31.31920051574707
1130,7,0,1,28.35401153564453,-28.35401153564453
1131,1,0,1,25.052255630493164,-25.052255630493164
1132,2,1,0,32.829551696777344,-32.829551696777344
1133,4,0,1,33.25681686401367,-33.25681686401367
1134,1,0,1,28.21225929260254,-28.21225929260254
1135,6,0,1,31.931488037109375,-31.931488037109375
1136,9,0,1,27.81998634338379,-27.81998634338379
1137,0,0,1,29.462440490722656,-29.462440490722656
1138,5,0,1,27.600215911865234,-27.600215911865234
1139,8,0,1,29.76370620727539,-29.76370620727539
1140,6,0,1,34.04695129394531,-34.04695129394531
1141,1,0,1,25.853994369506836,-25.853994369506836
1142,8,0,1,29.339492797851562,-29.339492797851562
1143,6,0,1,29.638925552368164,-29.638925552368164
1144,1,0,1,30.728469848632812,-30.728469848632812
1145,4,0,1,30.4271240234375,-30.4271240234375
1146,2,1,0,33.10340881347656,-33.10340881347656
1147,6,0,1,32.8603630065918,-32.8603630065918
1148,2,1,0,29.946632385253906,-29.946632385253906
1149,7,0,1,31.522781372070312,-31.522781372070312
1150,2,1,0,25.649187088012695,-25.649187088012695
1151,2,1,0,33.23261260986328,-33.23261260986328
1152,0,0,1,34.5494270324707,-34.5494270324707
1153,8,0,1,31.499908447265625,-31.499908447265625
1154,6,0,1,31.887168884277344,-31.887168884277344
1155,9,0,1,27.30482292175293,-27.30482292175293
1156,1,0,1,31.898517608642578,-31.898517608642578
1157,7,0,1,30.26910972595215,-30.26910972595215
1158,1,0,1,27.55028533935547,-27.55028533935547
1159,8,0,1,29.505525588989258,-29.505525588989258
1160,8,0,1,26.29615020751953,-26.29615020751953
1161,0,0,1,31.172443389892578,-31.172443389892578
1162,7,0,1,31.692045211791992,-31.692045211791992
1163,3,0,1,29.98957061767578,-29.98957061767578
1164,8,0,1,30.24797248840332,-30.24797248840332
1165,0,0,1,28.529346466064453,-28.529346466064453
1166,3,0,1,34.25960159301758,-34.25960159301758
1167,4,0,1,33.129791259765625,-33.129791259765625
1168,3,0,1,30.807613372802734,-30.807613372802734
1169,7,0,1,29.949504852294922,-29.949504852294922
1170,7,0,1,26.997135162353516,-26.997135162353516
1171,9,0,1,28.8627986907959,-28.8627986907959
1172,2,1,0,32.52544021606445,-32.52544021606445
1173,3,0,1,27.805137634277344,-27.805137634277344
1174,1,0,1,28.785518646240234,-28.785518646240234
1175,9,0,1,29.146095275878906,-29.146095275878906
1176,1,0,1,29.912593841552734,-29.912593841552734
1177,9,0,1,25.776039123535156,-25.776039123535156
1178,6,0,1,30.603988647460938,-30.603988647460938
1179,3,0,1,31.38098907470703,-31.38098907470703
1180,3,0,1,31.62103843688965,-31.62103843688965
1181,3,0,1,27.292259216308594,-27.292259216308594
1182,1,0,1,31.056751251220703,-31.056751251220703
1183,0,0,1,30.287338256835938,-30.287338256835938
1184,6,0,1,33.415977478027344,-33.415977478027344
1185,1,0,1,29.97713279724121,-29.97713279724121
1186,4,0,1,35.71479034423828,-35.71479034423828
1187,1,0,1,30.081602096557617,-30.081602096557617
1188,0,0,1,33.68034362792969,-33.68034362792969
1189,0,0,1,33.1392822265625,-33.1392822265625
1190,1,0,1,29.94156837463379,-29.94156837463379
1191,1,0,1,29.84374237060547,-29.84374237060547
1192,6,0,1,28.04433822631836,-28.04433822631836
1193,5,0,1,33.065677642822266,-33.065677642822266
1194,4,0,1,32.388187408447266,-32.388187408447266
1195,6,0,1,29.714372634887695,-29.714372634887695
1196,2,1,0,31.148515701293945,-31.148515701293945
1197,0,0,1,30.286876678466797,-30.286876678466797
1198,7,0,1,27.788711547851562,-27.788711547851562
1199,9,0,1,24.029319763183594,-24.029319763183594
1200,8,0,1,24.37485694885254,-24.37485694885254
1201,7,0,1,27.299283981323242,-27.299283981323242
1202,2,1,0,31.718303680419922,-31.718303680419922
1203,0,0,1,31.231903076171875,-31.231903076171875
1204,6,0,1,30.88561248779297,-30.88561248779297
1205,8,0,1,31.877384185791016,-31.877384185791016
1206,1,0,1,28.391759872436523,-28.391759872436523
1207,4,0,1,30.23430633544922,-30.23430633544922
1208,3,0,1,32.3462028503418,-32.3462028503418
1209,7,0,1,28.922521591186523,-28.922521591186523
1210,0,0,1,30.684906005859375,-30.684906005859375
1211,6,0,1,29.057228088378906,-29.057228088378906
1212,1,0,1,29.24644660949707,-29.24644660949707
1213,8,0,1,28.186017990112305,-28.186017990112305
1214,5,0,1,28.114212036132812,-28.114212036132812
1215,7,0,1,29.795734405517578,-29.795734405517578
1216,8,0,1,26.125709533691406,-26.125709533691406
1217,4,0,1,31.275020599365234,-31.275020599365234
1218,8,0,1,32.45655059814453,-32.45655059814453
1219,3,0,1,32.757667541503906,-32.757667541503906
1220,9,0,1,32.927459716796875,-32.927459716796875
1221,9,0,1,22.28828239440918,-22.28828239440918
1222,9,0,1,25.958574295043945,-25.958574295043945
1223,8,0,1,29.60892677307129,-29.60892677307129
1224,7,0,1,31.459842681884766,-31.459842681884766
1225,6,0,1,32.71158981323242,-32.71158981323242
1226,6,0,1,30.571027755737305,-30.571027755737305
1227,3,0,1,31.094663619995117,-31.094663619995117
1228,5,0,1,35.20573043823242,-35.20573043823242
1229,1,0,1,27.273372650146484,-27.273372650146484
1230,5,0,1,29.67399024963379,-29.67399024963379
1231,9,0,1,21.411142349243164,-21.411142349243164
1232,1,0,1,24.66546058654785,-24.66546058654785
1233,4,0,1,34.35835266113281,-34.35835266113281
1234,1,0,1,31.832111358642578,-31.832111358642578
1235,5,0,1,33.65472412109375,-33.65472412109375
1236,7,0,1,29.28378677368164,-29.28378677368164
1237,0,0,1,31.781858444213867,-31.781858444213867
1238,1,0,1,25.022127151489258,-25.022127151489258
1239,5,0,1,33.047420501708984,-33.047420501708984
1240,2,1,0,31.51373863220215,-31.51373863220215
1241,0,0,1,28.398611068725586,-28.398611068725586
1242,8,0,1,30.766111373901367,-30.766111373901367
1243,8,0,1,33.12935256958008,-33.12935256958008
1244,5,0,1,31.599994659423828,-31.599994659423828
1245,6,0,1,28.346147537231445,-28.346147537231445
1246,7,0,1,27.44527244567871,-27.44527244567871
1247,3,0,1,33.36112976074219,-33.36112976074219
1248,2,1,0,35.56816101074219,-35.56816101074219
1249,4,0,1,27.466154098510742,-27.466154098510742
1250,7,0,1,27.340354919433594,-27.340354919433594
1251,2,1,0,25.290334701538086,-25.290334701538086
1252,5,0,1,29.284793853759766,-29.284793853759766
1253,8,0,1,29.53237533569336,-29.53237533569336
1254,2,1,0,30.581998825073242,-30.581998825073242
1255,4,0,1,32.87330627441406,-32.87330627441406
1256,9,0,1,29.154556274414062,-29.154556274414062
1257,2,1,0,32.05411911010742,-32.05411911010742
1258,1,0,1,29.209983825683594,-29.209983825683594
1259,8,0,1,32.08243942260742,-32.08243942260742
1260,1,0,1,27.150497436523438,-27.150497436523438
1261,9,0,1,32.22755813598633,-32.22755813598633
1262,8,0,1,31.069883346557617,-31.069883346557617
1263,8,0,1,34.15894317626953,-34.15894317626953
1264,8,0,1,32.64006042480469,-32.64006042480469
1265,9,0,1,27.409526824951172,-27.409526824951172
1266,0,0,1,29.95891571044922,-29.95891571044922
1267,4,0,1,33.51411819458008,-33.51411819458008
1268,3,0,1,28.140140533447266,-28.140140533447266
1269,3,0,1,26.708200454711914,-26.708200454711914
1270,1,0,1,17.184585571289062,-17.184585571289062
1271,8,0,1,30.415815353393555,-30.415815353393555
1272,4,0,1,25.173072814941406,-25.173072814941406
1273,6,0,1,29.566917419433594,-29.566917419433594
1274,3,0,1,34.56849670410156,-34.56849670410156
1275,3,0,1,31.584732055664062,-31.584732055664062
1276,5,0,1,28.629976272583008,-28.629976272583008
1277,2,1,0,29.51422882080078,-29.51422882080078
1278,2,1,0,29.614822387695312,-29.614822387695312
1279,8,0,1,22.664085388183594,-22.664085388183594
1280,3,0,1,27.72657585144043,-27.72657585144043
1281,8,0,1,27.72525405883789,-27.72525405883789
1282,9,0,1,29.62857437133789,-29.62857437133789
1283,5,0,1,30.75415802001953,-30.75415802001953
1284,8,0,1,26.515609741210938,-26.515609741210938
1285,9,0,1,29.887767791748047,-29.887767791748047
1286,8,0,1,33.40862274169922,-33.40862274169922
1287,9,0,1,30.124731063842773,-30.124731063842773
1288,1,0,1,28.054271697998047,-28.054271697998047
1289,6,0,1,26.19881820678711,-26.19881820678711
1290,5,0,1,29.090641021728516,-29.090641021728516
1291,9,0,1,27.205074310302734,-27.205074310302734
1292,4,0,1,30.739587783813477,-30.739587783813477
1293,4,0,1,31.020584106445312,-31.020584106445312
1294,8,0,1,30.99390983581543,-30.99390983581543
1295,0,0,1,32.509376525878906,-32.509376525878906
1296,7,0,1,32.35639953613281,-32.35639953613281
1297,2,1,0,29.263370513916016,-29.263370513916016
1298,9,0,1,19.788074493408203,-19.788074493408203
1299,7,0,1,26.995084762573242,-26.995084762573242
1300,4,0,1,33.41258239746094,-33.41258239746094
1301,1,0,1,27.070186614990234,-27.070186614990234
1302,6,0,1,30.09394073486328,-30.09394073486328
1303,4,0,1,28.550382614135742,-28.550382614135742
1304,4,0,1,31.57737159729004,-31.57737159729004
1305,9,0,1,27.106857299804688,-27.106857299804688
1306,1,0,1,31.859373092651367,-31.859373092651367
1307,2,1,0,22.74443817138672,-22.74443817138672
1308,5,0,1,35.503814697265625,-35.503814697265625
1309,6,0,1,28.670394897460938,-28.670394897460938
1310,0,0,1,32.97038269042969,-32.97038269042969
1311,8,0,1,31.852169036865234,-31.852169036865234
1312,6,0,1,27.269100189208984,-27.269100189208984
1313,1,0,1,28.74049949645996,-28.74049949645996
1314,9,0,1,23.269224166870117,-23.269224166870117
1315,4,0,1,31.900724411010742,-31.900724411010742
1316,5,0,1,32.152366638183594,-32.152366638183594
1317,9,0,1,27.80875015258789,-27.80875015258789
1318,5,0,1,30.941593170166016,-30.941593170166016
1319,0,0,1,29.960994720458984,-29.960994720458984
1320,7,0,1,30.452930450439453,-30.452930450439453
1321,2,1,0,29.92740249633789,-29.92740249633789
1322,0,0,1,27.96405029296875,-27.96405029296875
1323,0,0,1,28.742937088012695,-28.742937088012695
1324,4,0,1,29.060237884521484,-29.060237884521484
1325,2,1,0,34.17526626586914,-34.17526626586914
1326,6,0,1,32.67252731323242,-32.67252731323242
1327,6,0,1,23.557857513427734,-23.557857513427734
1328,5,0,1,30.27093505859375,-30.27093505859375
1329,5,0,1,30.606605529785156,-30.606605529785156
1330,2,1,0,25.700225830078125,-25.700225830078125
1331,8,0,1,27.50369644165039,-27.50369644165039
1332,1,0,1,27.44949722290039,-27.44949722290039
1333,7,0,1,32.61280059814453,-32.61280059814453
1334,3,0,1,33.87787628173828,-33.87787628173828
1335,1,0,1,28.459012985229492,-28.459012985229492
1336,4,0,1,30.471132278442383,-30.471132278442383
1337,5,0,1,36.20370101928711,-36.20370101928711
1338,6,0,1,30.472270965576172,-30.472270965576172
1339,5,0,1,29.31236457824707,-29.31236457824707
1340,1,0,1,28.427989959716797,-28.427989959716797
1341,4,0,1,31.262231826782227,-31.262231826782227
1342,7,0,1,24.90688705444336,-24.90688705444336
1343,0,0,1,26.830623626708984,-26.830623626708984
1344,9,0,1,28.728004455566406,-28.728004455566406
1345,4,0,1,36.46112823486328,-36.46112823486328
1346,3,0,1,29.29473876953125,-29.29473876953125
1347,8,0,1,28.057971954345703,-28.057971954345703
1348,2,1,0,32.85908508300781,-32.85908508300781
1349,8,0,1,32.796260833740234,-32.796260833740234
1350,4,0,1,33.62921905517578,-33.62921905517578
1351,7,0,1,27.767099380493164,-27.767099380493164
1352,2,1,0,30.80056381225586,-30.80056381225586
1353,3,0,1,29.904464721679688,-29.904464721679688
1354,1,0,1,26.713293075561523,-26.713293075561523
1355,5,0,1,34.60986328125,-34.60986328125
1356,2,1,0,31.931964874267578,-31.931964874267578
1357,9,0,1,26.84107780456543,-26.84107780456543
1358,8,0,1,31.906818389892578,-31.906818389892578
1359,9,0,1,20.922256469726562,-20.922256469726562
1360,7,0,1,28.924163818359375,-28.924163818359375
1361,9,0,1,29.463207244873047,-29.463207244873047
1362,5,0,1,34.919681549072266,-34.919681549072266
1363,1,0,1,31.122055053710938,-31.122055053710938
1364,4,0,1,34.021759033203125,-34.021759033203125
1365,0,0,1,32.8429069519043,-32.8429069519043
1366,8,0,1,31.593963623046875,-31.593963623046875
1367,2,1,0,34.569820404052734,-34.569820404052734
1368,3,0,1,30.86682891845703,-30.86682891845703
1369,8,0,1,29.532546997070312,-29.532546997070312
1370,9,0,1,27.75078010559082,-27.75078010559082
1371,1,0,1,25.101425170898438,-25.101425170898438
1372,1,0,1,29.527053833007812,-29.527053833007812
1373,3,0,1,31.016437530517578,-31.016437530517578
1374,2,1,0,32.737693786621094,-32.737693786621094
1375,4,0,1,32.20531463623047,-32.20531463623047
1376,9,0,1,25.36612892150879,-25.36612892150879
1377,3,0,1,31.150968551635742,-31.150968551635742
1378,1,0,1,28.223310470581055,-28.223310470581055
1379,7,0,1,26.88445472717285,-26.88445472717285
1380,4,0,1,33.3587646484375,-33.3587646484375
1381,6,0,1,26.997783660888672,-26.997783660888672
1382,2,1,0,29.96131706237793,-29.96131706237793
1383,8,0,1,34.624473571777344,-34.624473571777344
1384,9,0,1,30.217548370361328,-30.217548370361328
1385,5,0,1,26.998302459716797,-26.998302459716797
1386,3,0,1,29.336793899536133,-29.336793899536133
1387,9,0,1,25.63130760192871,-25.63130760192871
1388,5,0,1,31.511756896972656,-31.511756896972656
1389,5,0,1,33.272743225097656,-33.272743225097656
1390,6,0,1,23.017770767211914,-23.017770767211914
1391,7,0,1,32.21104049682617,-32.21104049682617
1392,2,1,0,32.07257843017578,-32.07257843017578
1393,4,0,1,29.527191162109375,-29.527191162109375
1394,6,0,1,31.31686782836914,-31.31686782836914
1395,3,0,1,32.00395202636719,-32.00395202636719
1396,1,0,1,26.96381187438965,-26.96381187438965
1397,0,0,1,30.309368133544922,-30.309368133544922
1398,7,0,1,31.851593017578125,-31.851593017578125
1399,2,1,0,30.501361846923828,-30.501361846923828
1400,5,0,1,35.707637786865234,-35.707637786865234
1401,4,0,1,26.303363800048828,-26.303363800048828
1402,7,0,1,26.019094467163086,-26.019094467163086
1403,6,0,1,31.58797264099121,-31.58797264099121
1404,1,0,1,31.02007293701172,-31.02007293701172
1405,1,0,1,25.4960880279541,-25.4960880279541
1406,9,0,1,29.07630729675293,-29.07630729675293
1407,8,0,1,28.17825698852539,-28.17825698852539
1408,1,0,1,26.66588020324707,-26.66588020324707
1409,0,0,1,34.59691619873047,-34.59691619873047
1410,1,0,1,24.31476593017578,-24.31476593017578
1411,3,0,1,27.834800720214844,-27.834800720214844
1412,1,0,1,24.363306045532227,-24.363306045532227
1413,1,0,1,25.594558715820312,-25.594558715820312
1414,1,0,1,31.22888946533203,-31.22888946533203
1415,7,0,1,30.646039962768555,-30.646039962768555
1416,3,0,1,29.59758758544922,-29.59758758544922
1417,9,0,1,31.492149353027344,-31.492149353027344
1418,6,0,1,29.401599884033203,-29.401599884033203
1419,8,0,1,31.29168701171875,-31.29168701171875
1420,4,0,1,30.699235916137695,-30.699235916137695
1421,6,0,1,25.95371437072754,-25.95371437072754
1422,8,0,1,32.96836853027344,-32.96836853027344
1423,4,0,1,33.1541862487793,-33.1541862487793
1424,9,0,1,28.960002899169922,-28.960002899169922
1425,4,0,1,32.00945281982422,-32.00945281982422
1426,7,0,1,31.802797317504883,-31.802797317504883
1427,9,0,1,26.99785614013672,-26.99785614013672
1428,7,0,1,31.201499938964844,-31.201499938964844
1429,6,0,1,30.98685073852539,-30.98685073852539
1430,8,0,1,32.05913162231445,-32.05913162231445
1431,4,0,1,32.51683807373047,-32.51683807373047
1432,9,0,1,28.65622329711914,-28.65622329711914
1433,7,0,1,29.882980346679688,-29.882980346679688
1434,0,0,1,34.33553695678711,-34.33553695678711
1435,1,0,1,30.246973037719727,-30.246973037719727
1436,6,0,1,30.139850616455078,-30.139850616455078
1437,1,0,1,26.698577880859375,-26.698577880859375
1438,5,0,1,26.172077178955078,-26.172077178955078
1439,9,0,1,25.916208267211914,-25.916208267211914
1440,0,0,1,32.86979293823242,-32.86979293823242
1441,4,0,1,31.539817810058594,-31.539817810058594
1442,3,0,1,23.98029327392578,-23.98029327392578
1443,4,0,1,32.12458801269531,-32.12458801269531
1444,1,0,1,30.045902252197266,-30.045902252197266
1445,3,0,1,29.962661743164062,-29.962661743164062
1446,0,0,1,30.783946990966797,-30.783946990966797
1447,8,0,1,31.400012969970703,-31.400012969970703
1448,4,0,1,33.53953552246094,-33.53953552246094
1449,6,0,1,24.37744903564453,-24.37744903564453
1450,2,1,0,33.501060485839844,-33.501060485839844
1451,2,1,0,22.37763023376465,-22.37763023376465
1452,6,0,1,21.77450942993164,-21.77450942993164
1453,5,0,1,27.472145080566406,-27.472145080566406
1454,3,0,1,29.804550170898438,-29.804550170898438
1455,6,0,1,25.873476028442383,-25.873476028442383
1456,2,1,0,30.600194931030273,-30.600194931030273
1457,1,0,1,27.438400268554688,-27.438400268554688
1458,1,0,1,31.44246482849121,-31.44246482849121
1459,8,0,1,32.667293548583984,-32.667293548583984
1460,6,0,1,27.5046443939209,-27.5046443939209
1461,0,0,1,27.50571060180664,-27.50571060180664
1462,4,0,1,33.89223098754883,-33.89223098754883
1463,0,0,1,28.205469131469727,-28.205469131469727
1464,1,0,1,29.65087890625,-29.65087890625
1465,9,0,1,27.532062530517578,-27.532062530517578
1466,7,0,1,28.990427017211914,-28.990427017211914
1467,1,0,1,29.570430755615234,-29.570430755615234
1468,3,0,1,28.359195709228516,-28.359195709228516
1469,7,0,1,25.952024459838867,-25.952024459838867
1470,7,0,1,28.932113647460938,-28.932113647460938
1471,8,0,1,33.68267059326172,-33.68267059326172
1472,7,0,1,29.570064544677734,-29.570064544677734
1473,7,0,1,25.295080184936523,-25.295080184936523
1474,3,0,1,27.22620964050293,-27.22620964050293
1475,9,0,1,26.88956069946289,-26.88956069946289
1476,7,0,1,29.225811004638672,-29.225811004638672
1477,7,0,1,29.61087417602539,-29.61087417602539
1478,7,0,1,30.210187911987305,-30.210187911987305
1479,2,1,0,28.707080841064453,-28.707080841064453
1480,1,0,1,23.521625518798828,-23.521625518798828
1481,2,1,0,32.33348846435547,-32.33348846435547
1482,8,0,1,29.40918731689453,-29.40918731689453
1483,6,0,1,29.925857543945312,-29.925857543945312
1484,4,0,1,34.13270950317383,-34.13270950317383
1485,0,0,1,23.67708969116211,-23.67708969116211
1486,7,0,1,29.806570053100586,-29.806570053100586
1487,9,0,1,27.9034366607666,-27.9034366607666
1488,8,0,1,32.35781478881836,-32.35781478881836
1489,6,0,1,29.067665100097656,-29.067665100097656
1490,8,0,1,29.184345245361328,-29.184345245361328
1491,4,0,1,30.583648681640625,-30.583648681640625
1492,9,0,1,31.418338775634766,-31.418338775634766
1493,1,0,1,28.07584571838379,-28.07584571838379
1494,7,0,1,25.778284072875977,-25.778284072875977
1495,2,1,0,29.83141326904297,-29.83141326904297
1496,2,1,0,32.98231506347656,-32.98231506347656
1497,8,0,1,26.551807403564453,-26.551807403564453
1498,5,0,1,23.05620002746582,-23.05620002746582
1499,8,0,1,30.500102996826172,-30.500102996826172
1500,1,0,1,24.748319625854492,-24.748319625854492
1501,2,1,0,31.367122650146484,-31.367122650146484
1502,2,1,0,35.453330993652344,-35.453330993652344
1503,4,0,1,30.631572723388672,-30.631572723388672
1504,1,0,1,30.64527702331543,-30.64527702331543
1505,2,1,0,32.59040069580078,-32.59040069580078
1506,5,0,1,31.374364852905273,-31.374364852905273
1507,2,1,0,27.44314193725586,-27.44314193725586
1508,8,0,1,31.579633712768555,-31.579633712768555
1509,1,0,1,26.159503936767578,-26.159503936767578
1510,8,0,1,33.18336486816406,-33.18336486816406
1511,1,0,1,29.778188705444336,-29.778188705444336
1512,8,0,1,31.39910125732422,-31.39910125732422
1513,6,0,1,26.447532653808594,-26.447532653808594
1514,0,0,1,31.778850555419922,-31.778850555419922
1515,2,1,0,32.99908447265625,-32.99908447265625
1516,4,0,1,29.486589431762695,-29.486589431762695
1517,1,0,1,27.327430725097656,-27.327430725097656
1518,3,0,1,28.55169105529785,-28.55169105529785
1519,6,0,1,29.22052574157715,-29.22052574157715
1520,7,0,1,32.49493408203125,-32.49493408203125
1521,7,0,1,31.105857849121094,-31.105857849121094
1522,4,0,1,31.829944610595703,-31.829944610595703
1523,4,0,1,27.787017822265625,-27.787017822265625
1524,3,0,1,31.041259765625,-31.041259765625
1525,3,0,1,33.36482238769531,-33.36482238769531
1526,4,0,1,28.78314971923828,-28.78314971923828
1527,5,0,1,28.730457305908203,-28.730457305908203
1528,2,1,0,30.00564193725586,-30.00564193725586
1529,4,0,1,27.218782424926758,-27.218782424926758
1530,3,0,1,26.162965774536133,-26.162965774536133
1531,7,0,1,31.49332618713379,-31.49332618713379
1532,8,0,1,33.22529602050781,-33.22529602050781
1533,4,0,1,29.347434997558594,-29.347434997558594
1534,4,0,1,26.73883056640625,-26.73883056640625
1535,4,0,1,28.030582427978516,-28.030582427978516
1536,5,0,1,28.05905532836914,-28.05905532836914
1537,4,0,1,28.000125885009766,-28.000125885009766
1538,3,0,1,33.11351776123047,-33.11351776123047
1539,2,1,0,34.282161712646484,-34.282161712646484
1540,8,0,1,32.23395538330078,-32.23395538330078
1541,4,0,1,32.8750114440918,-32.8750114440918
1542,5,0,1,30.408077239990234,-30.408077239990234
1543,5,0,1,34.067501068115234,-34.067501068115234
1544,4,0,1,34.024574279785156,-34.024574279785156
1545,1,0,1,29.119726181030273,-29.119726181030273
1546,4,0,1,30.380523681640625,-30.380523681640625
1547,2,1,0,32.264129638671875,-32.264129638671875
1548,5,0,1,30.263294219970703,-30.263294219970703
1549,1,0,1,25.215381622314453,-25.215381622314453
1550,6,0,1,24.047199249267578,-24.047199249267578
1551,4,0,1,32.478065490722656,-32.478065490722656
1552,3,0,1,35.24611282348633,-35.24611282348633
1553,4,0,1,34.47014617919922,-34.47014617919922
1554,4,0,1,33.580360412597656,-33.580360412597656
1555,0,0,1,29.651973724365234,-29.651973724365234
1556,8,0,1,33.76007843017578,-33.76007843017578
1557,8,0,1,33.96908187866211,-33.96908187866211
1558,4,0,1,27.724462509155273,-27.724462509155273
1559,5,0,1,29.818580627441406,-29.818580627441406
1560,7,0,1,26.931320190429688,-26.931320190429688
1561,5,0,1,27.173019409179688,-27.173019409179688
1562,6,0,1,21.079322814941406,-21.079322814941406
1563,9,0,1,26.653240203857422,-26.653240203857422
1564,1,0,1,27.754459381103516,-27.754459381103516
1565,6,0,1,27.683326721191406,-27.683326721191406
1566,7,0,1,25.630462646484375,-25.630462646484375
1567,2,1,0,29.202938079833984,-29.202938079833984
1568,0,0,1,29.96588134765625,-29.96588134765625
1569,1,0,1,28.587261199951172,-28.587261199951172
1570,4,0,1,26.812753677368164,-26.812753677368164
1571,5,0,1,28.47957420349121,-28.47957420349121
1572,6,0,1,28.467748641967773,-28.467748641967773
1573,0,0,1,28.124500274658203,-28.124500274658203
1574,0,0,1,28.65728187561035,-28.65728187561035
1575,2,1,0,32.72920227050781,-32.72920227050781
1576,7,0,1,31.849666595458984,-31.849666595458984
1577,5,0,1,30.763938903808594,-30.763938903808594
1578,6,0,1,27.785263061523438,-27.785263061523438
1579,0,0,1,28.295713424682617,-28.295713424682617
1580,6,0,1,28.082218170166016,-28.082218170166016
1581,2,1,0,34.48772048950195,-34.48772048950195
1582,9,0,1,30.471935272216797,-30.471935272216797
1583,1,0,1,27.772422790527344,-27.772422790527344
1584,7,0,1,24.577075958251953,-24.577075958251953
1585,7,0,1,31.271379470825195,-31.271379470825195
1586,5,0,1,34.571678161621094,-34.571678161621094
1587,2,1,0,33.14836120605469,-33.14836120605469
1588,5,0,1,30.07726287841797,-30.07726287841797
1589,6,0,1,31.39087677001953,-31.39087677001953
1590,4,0,1,33.691646575927734,-33.691646575927734
1591,1,0,1,24.856082916259766,-24.856082916259766
1592,4,0,1,31.633411407470703,-31.633411407470703
1593,3,0,1,30.85009002685547,-30.85009002685547
1594,3,0,1,31.123096466064453,-31.123096466064453
1595,3,0,1,27.693641662597656,-27.693641662597656
1596,0,0,1,29.28013801574707,-29.28013801574707
1597,3,0,1,32.16364669799805,-32.16364669799805
1598,5,0,1,33.73659896850586,-33.73659896850586
1599,5,0,1,29.842838287353516,-29.842838287353516
1600,8,0,1,32.830116271972656,-32.830116271972656
1601,9,0,1,28.4559326171875,-28.4559326171875
1602,7,0,1,31.147274017333984,-31.147274017333984
1603,3,0,1,29.980056762695312,-29.980056762695312
1604,1,0,1,26.106983184814453,-26.106983184814453
1605,3,0,1,34.382564544677734,-34.382564544677734
1606,3,0,1,33.172611236572266,-33.172611236572266
1607,3,0,1,23.476274490356445,-23.476274490356445
1608,4,0,1,28.041933059692383,-28.041933059692383
1609,4,0,1,29.905933380126953,-29.905933380126953
1610,2,1,0,29.999608993530273,-29.999608993530273
1611,3,0,1,30.900362014770508,-30.900362014770508
1612,3,0,1,30.53826141357422,-30.53826141357422
1613,8,0,1,25.56683349609375,-25.56683349609375
1614,1,0,1,22.357572555541992,-22.357572555541992
1615,7,0,1,30.450929641723633,-30.450929641723633
1616,7,0,1,32.46415328979492,-32.46415328979492
1617,0,0,1,25.107927322387695,-25.107927322387695
1618,7,0,1,31.73871421813965,-31.73871421813965
1619,4,0,1,30.96522331237793,-30.96522331237793
1620,5,0,1,31.230485916137695,-31.230485916137695
1621,1,0,1,29.643814086914062,-29.643814086914062
1622,4,0,1,33.10323715209961,-33.10323715209961
1623,2,1,0,32.05528259277344,-32.05528259277344
1624,4,0,1,31.001726150512695,-31.001726150512695
1625,3,0,1,30.033611297607422,-30.033611297607422
1626,9,0,1,32.85043716430664,-32.85043716430664
1627,9,0,1,25.330368041992188,-25.330368041992188
1628,4,0,1,32.028114318847656,-32.028114318847656
1629,9,0,1,29.860849380493164,-29.860849380493164
1630,9,0,1,25.992298126220703,-25.992298126220703
1631,1,0,1,25.44507598876953,-25.44507598876953
1632,8,0,1,29.20331573486328,-29.20331573486328
1633,1,0,1,30.0200138092041,-30.0200138092041
1634,6,0,1,33.05975341796875,-33.05975341796875
1635,7,0,1,26.152620315551758,-26.152620315551758
1636,5,0,1,31.440357208251953,-31.440357208251953
1637,5,0,1,29.925506591796875,-29.925506591796875
1638,4,0,1,33.645381927490234,-33.645381927490234
1639,9,0,1,24.050798416137695,-24.050798416137695
1640,7,0,1,25.17381477355957,-25.17381477355957
1641,6,0,1,25.98869514465332,-25.98869514465332
1642,5,0,1,32.240726470947266,-32.240726470947266
1643,9,0,1,26.67715835571289,-26.67715835571289
1644,2,1,0,27.647066116333008,-27.647066116333008
1645,4,0,1,32.23024368286133,-32.23024368286133
1646,0,0,1,29.730968475341797,-29.730968475341797
1647,7,0,1,27.839157104492188,-27.839157104492188
1648,8,0,1,29.189579010009766,-29.189579010009766
1649,5,0,1,29.111658096313477,-29.111658096313477
1650,5,0,1,29.985105514526367,-29.985105514526367
1651,0,0,1,31.333740234375,-31.333740234375
1652,0,0,1,29.244361877441406,-29.244361877441406
1653,9,0,1,25.833354949951172,-25.833354949951172
1654,9,0,1,23.921478271484375,-23.921478271484375
1655,8,0,1,29.117916107177734,-29.117916107177734
1656,2,1,0,33.09333038330078,-33.09333038330078
1657,5,0,1,33.100555419921875,-33.100555419921875
1658,4,0,1,35.15240478515625,-35.15240478515625
1659,8,0,1,32.480464935302734,-32.480464935302734
1660,3,0,1,27.47406005859375,-27.47406005859375
1661,6,0,1,29.648723602294922,-29.648723602294922
1662,3,0,1,28.0151309967041,-28.0151309967041
1663,6,0,1,26.812793731689453,-26.812793731689453
1664,0,0,1,33.553802490234375,-33.553802490234375
1665,6,0,1,28.36993408203125,-28.36993408203125
1666,6,0,1,30.91018295288086,-30.91018295288086
1667,6,0,1,30.4581356048584,-30.4581356048584
1668,9,0,1,25.928194046020508,-25.928194046020508
1669,6,0,1,30.727142333984375,-30.727142333984375
1670,6,0,1,31.876998901367188,-31.876998901367188
1671,8,0,1,29.281421661376953,-29.281421661376953
1672,6,0,1,30.408039093017578,-30.408039093017578
1673,2,1,0,30.951305389404297,-30.951305389404297
1674,4,0,1,31.92778778076172,-31.92778778076172
1675,5,0,1,31.171833038330078,-31.171833038330078
1676,8,0,1,31.121532440185547,-31.121532440185547
1677,1,0,1,25.981088638305664,-25.981088638305664
1678,2,1,0,32.688934326171875,-32.688934326171875
1679,7,0,1,28.031766891479492,-28.031766891479492
1680,6,0,1,31.924516677856445,-31.924516677856445
1681,5,0,1,33.7353401184082,-33.7353401184082
1682,7,0,1,30.5577335357666,-30.5577335357666
1683,8,0,1,30.001251220703125,-30.001251220703125
1684,1,0,1,24.55757713317871,-24.55757713317871
1685,8,0,1,24.269657135009766,-24.269657135009766
1686,0,0,1,33.03602600097656,-33.03602600097656
1687,8,0,1,25.09623908996582,-25.09623908996582
1688,6,0,1,30.697105407714844,-30.697105407714844
1689,9,0,1,25.515653610229492,-25.515653610229492
1690,2,1,0,28.06351661682129,-28.06351661682129
1691,8,0,1,29.209362030029297,-29.209362030029297
1692,9,0,1,24.809221267700195,-24.809221267700195
1693,4,0,1,28.64540672302246,-28.64540672302246
1694,0,0,1,30.148929595947266,-30.148929595947266
1695,9,0,1,27.346668243408203,-27.346668243408203
1696,4,0,1,27.60846710205078,-27.60846710205078
1697,9,0,1,27.520055770874023,-27.520055770874023
1698,5,0,1,29.966323852539062,-29.966323852539062
1699,7,0,1,28.804485321044922,-28.804485321044922
1700,5,0,1,32.33329772949219,-32.33329772949219
1701,5,0,1,30.658342361450195,-30.658342361450195
1702,9,0,1,28.50400161743164,-28.50400161743164
1703,5,0,1,29.845691680908203,-29.845691680908203
1704,3,0,1,25.69699478149414,-25.69699478149414
1705,0,0,1,27.925472259521484,-27.925472259521484
1706,1,0,1,28.277790069580078,-28.277790069580078
1707,9,0,1,29.107622146606445,-29.107622146606445
1708,7,0,1,29.58935546875,-29.58935546875
1709,2,1,0,30.955432891845703,-30.955432891845703
1710,4,0,1,28.33434295654297,-28.33434295654297
1711,1,0,1,28.575082778930664,-28.575082778930664
1712,0,0,1,32.452823638916016,-32.452823638916016
1713,8,0,1,26.82866096496582,-26.82866096496582
1714,0,0,1,31.886566162109375,-31.886566162109375
1715,3,0,1,28.82362937927246,-28.82362937927246
1716,1,0,1,29.813884735107422,-29.813884735107422
1717,7,0,1,26.021129608154297,-26.021129608154297
1718,0,0,1,30.034093856811523,-30.034093856811523
1719,0,0,1,32.38526153564453,-32.38526153564453
1720,4,0,1,29.385469436645508,-29.385469436645508
1721,8,0,1,31.430538177490234,-31.430538177490234
1722,6,0,1,30.27020263671875,-30.27020263671875
1723,2,1,0,32.92670440673828,-32.92670440673828
1724,4,0,1,36.139583587646484,-36.139583587646484
1725,0,0,1,33.267940521240234,-33.267940521240234
1726,0,0,1,33.158695220947266,-33.158695220947266
1727,9,0,1,30.18215560913086,-30.18215560913086
1728,0,0,1,31.952289581298828,-31.952289581298828
1729,8,0,1,27.556406021118164,-27.556406021118164
1730,4,0,1,32.96745300292969,-32.96745300292969
1731,5,0,1,33.77166748046875,-33.77166748046875
1732,9,0,1,25.508750915527344,-25.508750915527344
1733,3,0,1,30.209888458251953,-30.209888458251953
1734,9,0,1,24.85428237915039,-24.85428237915039
1735,0,0,1,32.74067687988281,-32.74067687988281
1736,5,0,1,31.172222137451172,-31.172222137451172
1737,6,0,1,29.470443725585938,-29.470443725585938
1738,5,0,1,32.980323791503906,-32.980323791503906
1739,0,0,1,27.270776748657227,-27.270776748657227
1740,1,0,1,24.116352081298828,-24.116352081298828
1741,4,0,1,31.73892593383789,-31.73892593383789
1742,8,0,1,31.566072463989258,-31.566072463989258
1743,1,0,1,25.346040725708008,-25.346040725708008
1744,0,0,1,26.899141311645508,-26.899141311645508
1745,5,0,1,28.790882110595703,-28.790882110595703
1746,2,1,0,34.383460998535156,-34.383460998535156
1747,1,0,1,28.278432846069336,-28.278432846069336
1748,0,0,1,30.620555877685547,-30.620555877685547
1749,2,1,0,31.400253295898438,-31.400253295898438
1750,8,0,1,33.03265380859375,-33.03265380859375
1751,1,0,1,22.337509155273438,-22.337509155273438
1752,5,0,1,28.672433853149414,-28.672433853149414
1753,6,0,1,30.682048797607422,-30.682048797607422
1754,7,0,1,26.78345489501953,-26.78345489501953
1755,7,0,1,24.89186668395996,-24.89186668395996
1756,2,1,0,32.37588882446289,-32.37588882446289
1757,6,0,1,30.472942352294922,-30.472942352294922
1758,2,1,0,34.698394775390625,-34.698394775390625
1759,5,0,1,29.65340232849121,-29.65340232849121
1760,0,0,1,33.81753158569336,-33.81753158569336
1761,1,0,1,29.603107452392578,-29.603107452392578
1762,4,0,1,33.94050216674805,-33.94050216674805
1763,2,1,0,25.517196655273438,-25.517196655273438
1764,5,0,1,28.793054580688477,-28.793054580688477
1765,4,0,1,30.937923431396484,-30.937923431396484
1766,6,0,1,29.04686737060547,-29.04686737060547
1767,2,1,0,30.322668075561523,-30.322668075561523
1768,2,1,0,31.370433807373047,-31.370433807373047
1769,1,0,1,28.00061798095703,-28.00061798095703
1770,7,0,1,26.79813575744629,-26.79813575744629
1771,2,1,0,31.59925079345703,-31.59925079345703
1772,8,0,1,27.29471206665039,-27.29471206665039
1773,5,0,1,25.294946670532227,-25.294946670532227
1774,5,0,1,28.546497344970703,-28.546497344970703
1775,3,0,1,25.99591064453125,-25.99591064453125
1776,0,0,1,29.851966857910156,-29.851966857910156
1777,4,0,1,30.734718322753906,-30.734718322753906
1778,8,0,1,32.48416519165039,-32.48416519165039
1779,3,0,1,27.683368682861328,-27.683368682861328
1780,7,0,1,29.050559997558594,-29.050559997558594
1781,6,0,1,26.680057525634766,-26.680057525634766
1782,3,0,1,33.267391204833984,-33.267391204833984
1783,8,0,1,31.335214614868164,-31.335214614868164
1784,1,0,1,25.63033676147461,-25.63033676147461
1785,0,0,1,32.432044982910156,-32.432044982910156
1786,1,0,1,25.4510555267334,-25.4510555267334
1787,3,0,1,31.07554817199707,-31.07554817199707
1788,3,0,1,27.216835021972656,-27.216835021972656
1789,0,0,1,30.304241180419922,-30.304241180419922
1790,7,0,1,29.038021087646484,-29.038021087646484
1791,4,0,1,28.123079299926758,-28.123079299926758
1792,9,0,1,24.395776748657227,-24.395776748657227
1793,5,0,1,28.218793869018555,-28.218793869018555
1794,3,0,1,33.90452194213867,-33.90452194213867
1795,6,0,1,27.28656768798828,-27.28656768798828
1796,0,0,1,29.35480499267578,-29.35480499267578
1797,1,0,1,27.783058166503906,-27.783058166503906
1798,4,0,1,32.30944061279297,-32.30944061279297
1799,4,0,1,28.801288604736328,-28.801288604736328
1800,4,0,1,30.70073699951172,-30.70073699951172
1801,4,0,1,31.768295288085938,-31.768295288085938
1802,2,1,0,38.935523986816406,-38.935523986816406
1803,2,1,0,33.46650314331055,-33.46650314331055
1804,5,0,1,27.58222770690918,-27.58222770690918
1805,8,0,1,32.47864532470703,-32.47864532470703
1806,1,0,1,28.582977294921875,-28.582977294921875
1807,5,0,1,27.175657272338867,-27.175657272338867
1808,9,0,1,26.838714599609375,-26.838714599609375
1809,8,0,1,31.368824005126953,-31.368824005126953
1810,1,0,1,27.453472137451172,-27.453472137451172
1811,1,0,1,25.407432556152344,-25.407432556152344
1812,5,0,1,29.225814819335938,-29.225814819335938
1813,3,0,1,29.947498321533203,-29.947498321533203
1814,9,0,1,25.158649444580078,-25.158649444580078
1815,9,0,1,27.536888122558594,-27.536888122558594
1816,7,0,1,32.12841033935547,-32.12841033935547
1817,6,0,1,30.244230270385742,-30.244230270385742
1818,5,0,1,30.93360710144043,-30.93360710144043
1819,0,0,1,28.02568817138672,-28.02568817138672
1820,8,0,1,26.669963836669922,-26.669963836669922
1821,4,0,1,28.286163330078125,-28.286163330078125
1822,7,0,1,26.850627899169922,-26.850627899169922
1823,0,0,1,27.35559844970703,-27.35559844970703
1824,9,0,1,31.840152740478516,-31.840152740478516
1825,2,1,0,31.564849853515625,-31.564849853515625
1826,8,0,1,29.715429306030273,-29.715429306030273
1827,4,0,1,33.953582763671875,-33.953582763671875
1828,7,0,1,30.806842803955078,-30.806842803955078
1829,1,0,1,30.281131744384766,-30.281131744384766
1830,3,0,1,31.095699310302734,-31.095699310302734
1831,9,0,1,27.754037857055664,-27.754037857055664
1832,6,0,1,29.011859893798828,-29.011859893798828
1833,8,0,1,30.66825294494629,-30.66825294494629
1834,9,0,1,29.30368423461914,-29.30368423461914
1835,0,0,1,32.355804443359375,-32.355804443359375
1836,4,0,1,33.2978630065918,-33.2978630065918
1837,9,0,1,27.649669647216797,-27.649669647216797
1838,6,0,1,32.63289260864258,-32.63289260864258
1839,7,0,1,24.180957794189453,-24.180957794189453
1840,8,0,1,30.22649574279785,-30.22649574279785
1841,9,0,1,29.50452995300293,-29.50452995300293
1842,4,0,1,32.05196762084961,-32.05196762084961
1843,8,0,1,30.060625076293945,-30.060625076293945
1844,9,0,1,30.10678482055664,-30.10678482055664
1845,7,0,1,30.232027053833008,-30.232027053833008
1846,2,1,0,33.84578323364258,-33.84578323364258
1847,5,0,1,31.698183059692383,-31.698183059692383
1848,3,0,1,30.2607479095459,-30.2607479095459
1849,7,0,1,28.15573501586914,-28.15573501586914
1850,1,0,1,28.477331161499023,-28.477331161499023
1851,0,0,1,26.846065521240234,-26.846065521240234
1852,2,1,0,27.636899948120117,-27.636899948120117
1853,9,0,1,28.51596450805664,-28.51596450805664
1854,5,0,1,29.29801368713379,-29.29801368713379
1855,5,0,1,33.87762451171875,-33.87762451171875
1856,8,0,1,29.74921989440918,-29.74921989440918
1857,5,0,1,32.664913177490234,-32.664913177490234
1858,4,0,1,29.029993057250977,-29.029993057250977
1859,2,1,0,31.094823837280273,-31.094823837280273
1860,8,0,1,28.32769012451172,-28.32769012451172
1861,3,0,1,28.812965393066406,-28.812965393066406
1862,5,0,1,32.512298583984375,-32.512298583984375
1863,5,0,1,33.52239227294922,-33.52239227294922
1864,7,0,1,28.93376922607422,-28.93376922607422
1865,7,0,1,31.155120849609375,-31.155120849609375
1866,8,0,1,30.29722785949707,-30.29722785949707
1867,6,0,1,29.513980865478516,-29.513980865478516
1868,2,1,0,27.827919006347656,-27.827919006347656
1869,8,0,1,32.311954498291016,-32.311954498291016
1870,2,1,0,30.896163940429688,-30.896163940429688
1871,3,0,1,32.8587646484375,-32.8587646484375
1872,5,0,1,33.162864685058594,-33.162864685058594
1873,6,0,1,30.96239471435547,-30.96239471435547
1874,8,0,1,32.64336395263672,-32.64336395263672
1875,0,0,1,29.59231948852539,-29.59231948852539
1876,2,1,0,30.444259643554688,-30.444259643554688
1877,3,0,1,33.42414855957031,-33.42414855957031
1878,7,0,1,25.564170837402344,-25.564170837402344
1879,0,0,1,31.178184509277344,-31.178184509277344
1880,1,0,1,27.721826553344727,-27.721826553344727
1881,9,0,1,26.015472412109375,-26.015472412109375
1882,1,0,1,32.47604751586914,-32.47604751586914
1883,3,0,1,35.422462463378906,-35.422462463378906
1884,7,0,1,30.851444244384766,-30.851444244384766
1885,5,0,1,33.6588249206543,-33.6588249206543
1886,8,0,1,30.803197860717773,-30.803197860717773
1887,3,0,1,35.36359405517578,-35.36359405517578
1888,2,1,0,29.627666473388672,-29.627666473388672
1889,9,0,1,28.210477828979492,-28.210477828979492
1890,6,0,1,28.476226806640625,-28.476226806640625
1891,8,0,1,32.36079025268555,-32.36079025268555
1892,6,0,1,32.72270202636719,-32.72270202636719
1893,9,0,1,25.82867431640625,-25.82867431640625
1894,3,0,1,30.066631317138672,-30.066631317138672
1895,8,0,1,31.118648529052734,-31.118648529052734
1896,9,0,1,27.64105224609375,-27.64105224609375
1897,8,0,1,27.683067321777344,-27.683067321777344
1898,0,0,1,30.310949325561523,-30.310949325561523
1899,7,0,1,29.448089599609375,-29.448089599609375
1900,8,0,1,32.14234924316406,-32.14234924316406
1901,5,0,1,30.389373779296875,-30.389373779296875
1902,0,0,1,31.627429962158203,-31.627429962158203
1903,0,0,1,33.17976760864258,-33.17976760864258
1904,1,0,1,22.286422729492188,-22.286422729492188
1905,3,0,1,25.338825225830078,-25.338825225830078
1906,9,0,1,30.794931411743164,-30.794931411743164
1907,1,0,1,23.623329162597656,-23.623329162597656
1908,5,0,1,29.660995483398438,-29.660995483398438
1909,3,0,1,25.306316375732422,-25.306316375732422
1910,4,0,1,30.477336883544922,-30.477336883544922
1911,4,0,1,31.809900283813477,-31.809900283813477
1912,0,0,1,28.30571746826172,-28.30571746826172
1913,9,0,1,26.354496002197266,-26.354496002197266
1914,9,0,1,30.275150299072266,-30.275150299072266
1915,9,0,1,25.361833572387695,-25.361833572387695
1916,9,0,1,29.260051727294922,-29.260051727294922
1917,8,0,1,27.661680221557617,-27.661680221557617
1918,2,1,0,23.728605270385742,-23.728605270385742
1919,4,0,1,32.41295623779297,-32.41295623779297
1920,2,1,0,29.898536682128906,-29.898536682128906
1921,2,1,0,31.871370315551758,-31.871370315551758
1922,5,0,1,29.414409637451172,-29.414409637451172
1923,1,0,1,30.529457092285156,-30.529457092285156
1924,9,0,1,28.588441848754883,-28.588441848754883
1925,1,0,1,30.2512149810791,-30.2512149810791
1926,0,0,1,31.669578552246094,-31.669578552246094
1927,9,0,1,32.42158126831055,-32.42158126831055
1928,4,0,1,29.60974884033203,-29.60974884033203
1929,2,1,0,36.28926467895508,-36.28926467895508
1930,1,0,1,25.42401885986328,-25.42401885986328
1931,6,0,1,26.938688278198242,-26.938688278198242
1932,0,0,1,33.726348876953125,-33.726348876953125
1933,3,0,1,29.531217575073242,-29.531217575073242
1934,7,0,1,29.080957412719727,-29.080957412719727
1935,6,0,1,30.537378311157227,-30.537378311157227
1936,3,0,1,26.14066505432129,-26.14066505432129
1937,1,0,1,27.206220626831055,-27.206220626831055
1938,8,0,1,32.26011657714844,-32.26011657714844
1939,6,0,1,30.40062141418457,-30.40062141418457
1940,5,0,1,29.675512313842773,-29.675512313842773
1941,7,0,1,30.980335235595703,-30.980335235595703
1942,2,1,0,32.22063446044922,-32.22063446044922
1943,8,0,1,30.34943389892578,-30.34943389892578
1944,4,0,1,29.9989013671875,-29.9989013671875
1945,4,0,1,31.71029281616211,-31.71029281616211
1946,8,0,1,36.84564971923828,-36.84564971923828
1947,3,0,1,23.668453216552734,-23.668453216552734
1948,5,0,1,29.63347625732422,-29.63347625732422
1949,0,0,1,27.634849548339844,-27.634849548339844
1950,5,0,1,29.33865737915039,-29.33865737915039
1951,7,0,1,31.101041793823242,-31.101041793823242
1952,4,0,1,34.26865768432617,-34.26865768432617
1953,4,0,1,31.988876342773438,-31.988876342773438
1954,2,1,0,33.29324722290039,-33.29324722290039
1955,2,1,0,30.46444320678711,-30.46444320678711
1956,7,0,1,30.724185943603516,-30.724185943603516
1957,3,0,1,30.705230712890625,-30.705230712890625
1958,6,0,1,26.007417678833008,-26.007417678833008
1959,0,0,1,31.83144760131836,-31.83144760131836
1960,2,1,0,31.23201560974121,-31.23201560974121
1961,7,0,1,29.889225006103516,-29.889225006103516
1962,6,0,1,27.565082550048828,-27.565082550048828
1963,2,1,0,32.16431427001953,-32.16431427001953
1964,3,0,1,29.002029418945312,-29.002029418945312
1965,0,0,1,26.82686424255371,-26.82686424255371
1966,7,0,1,28.485424041748047,-28.485424041748047
1967,7,0,1,25.193212509155273,-25.193212509155273
1968,8,0,1,27.607120513916016,-27.607120513916016
1969,1,0,1,21.314762115478516,-21.314762115478516
1970,1,0,1,27.467578887939453,-27.467578887939453
1971,4,0,1,32.0445671081543,-32.0445671081543
1972,6,0,1,30.12229347229004,-30.12229347229004
1973,0,0,1,31.492408752441406,-31.492408752441406
1974,6,0,1,27.691791534423828,-27.691791534423828
1975,6,0,1,27.211238861083984,-27.211238861083984
1976,5,0,1,25.645986557006836,-25.645986557006836
1977,5,0,1,32.12150955200195,-32.12150955200195
1978,6,0,1,31.677114486694336,-31.677114486694336
1979,3,0,1,30.51318359375,-30.51318359375
1980,9,0,1,24.543310165405273,-24.543310165405273
1981,3,0,1,28.253192901611328,-28.253192901611328
1982,6,0,1,31.2702579498291,-31.2702579498291
1983,8,0,1,30.172636032104492,-30.172636032104492
1984,7,0,1,31.54523468017578,-31.54523468017578
1985,6,0,1,28.170917510986328,-28.170917510986328
1986,4,0,1,30.244897842407227,-30.244897842407227
1987,9,0,1,30.071622848510742,-30.071622848510742
1988,5,0,1,30.29314422607422,-30.29314422607422
1989,6,0,1,30.98349380493164,-30.98349380493164
1990,4,0,1,30.713634490966797,-30.713634490966797
1991,1,0,1,28.300304412841797,-28.300304412841797
1992,6,0,1,26.9885311126709,-26.9885311126709
1993,3,0,1,31.42072868347168,-31.42072868347168
1994,8,0,1,32.065494537353516,-32.065494537353516
1995,2,1,0,27.863502502441406,-27.863502502441406
1996,3,0,1,30.208271026611328,-30.208271026611328
1997,9,0,1,30.475765228271484,-30.475765228271484
1998,8,0,1,30.921926498413086,-30.921926498413086
1999,5,0,1,32.86411666870117,-32.86411666870117
2000,1,0,1,28.205047607421875,-28.205047607421875
2001,5,0,1,34.590728759765625,-34.590728759765625
2002,4,0,1,32.787498474121094,-32.787498474121094
2003,5,0,1,30.463661193847656,-30.463661193847656
2004,7,0,1,18.668264389038086,-18.668264389038086
2005,5,0,1,31.037534713745117,-31.037534713745117
2006,7,0,1,26.099544525146484,-26.099544525146484
2007,8,0,1,28.260969161987305,-28.260969161987305
2008,9,0,1,28.57735824584961,-28.57735824584961
2009,1,0,1,27.46653938293457,-27.46653938293457
2010,7,0,1,30.721487045288086,-30.721487045288086
2011,2,1,0,35.15382766723633,-35.15382766723633
2012,5,0,1,28.51848030090332,-28.51848030090332
2013,6,0,1,29.023902893066406,-29.023902893066406
2014,8,0,1,30.65477752685547,-30.65477752685547
2015,4,0,1,31.128332138061523,-31.128332138061523
2016,6,0,1,30.155609130859375,-30.155609130859375
2017,5,0,1,25.020465850830078,-25.020465850830078
2018,3,0,1,32.54657745361328,-32.54657745361328
2019,9,0,1,23.8747615814209,-23.8747615814209
2020,9,0,1,24.66604995727539,-24.66604995727539
2021,8,0,1,29.780580520629883,-29.780580520629883
2022,5,0,1,27.97744369506836,-27.97744369506836
2023,5,0,1,28.1450252532959,-28.1450252532959
2024,6,0,1,30.147422790527344,-30.147422790527344
2025,4,0,1,35.35300064086914,-35.35300064086914
2026,5,0,1,30.522682189941406,-30.522682189941406
2027,9,0,1,33.26744842529297,-33.26744842529297
2028,7,0,1,26.379549026489258,-26.379549026489258
2029,3,0,1,34.15918731689453,-34.15918731689453
2030,4,0,1,27.44302749633789,-27.44302749633789
2031,1,0,1,23.753265380859375,-23.753265380859375
2032,4,0,1,32.192501068115234,-32.192501068115234
2033,2,1,0,34.69206237792969,-34.69206237792969
2034,3,0,1,34.306793212890625,-34.306793212890625
2035,6,0,1,31.74298095703125,-31.74298095703125
2036,5,0,1,32.252586364746094,-32.252586364746094
2037,5,0,1,29.651643753051758,-29.651643753051758
2038,2,1,0,32.95869827270508,-32.95869827270508
2039,8,0,1,24.754741668701172,-24.754741668701172
2040,0,0,1,33.752479553222656,-33.752479553222656
2041,0,0,1,31.028587341308594,-31.028587341308594
2042,1,0,1,30.281232833862305,-30.281232833862305
2043,8,0,1,31.512645721435547,-31.512645721435547
2044,3,0,1,32.87751770019531,-32.87751770019531
2045,1,0,1,27.194217681884766,-27.194217681884766
2046,3,0,1,28.527633666992188,-28.527633666992188
2047,5,0,1,31.42626190185547,-31.42626190185547
2048,8,0,1,30.96530532836914,-30.96530532836914
2049,3,0,1,31.855045318603516,-31.855045318603516
2050,8,0,1,27.878599166870117,-27.878599166870117
2051,5,0,1,32.25019454956055,-32.25019454956055
2052,8,0,1,30.527118682861328,-30.527118682861328
2053,6,0,1,29.154964447021484,-29.154964447021484
2054,3,0,1,30.812915802001953,-30.812915802001953
2055,5,0,1,29.841262817382812,-29.841262817382812
2056,5,0,1,28.628265380859375,-28.628265380859375
2057,5,0,1,33.037105560302734,-33.037105560302734
2058,0,0,1,31.021453857421875,-31.021453857421875
2059,9,0,1,30.373046875,-30.373046875
2060,5,0,1,31.16272735595703,-31.16272735595703
2061,5,0,1,28.34718132019043,-28.34718132019043
2062,7,0,1,32.370479583740234,-32.370479583740234
2063,1,0,1,29.28335952758789,-29.28335952758789
2064,8,0,1,32.796791076660156,-32.796791076660156
2065,2,1,0,35.671424865722656,-35.671424865722656
2066,2,1,0,30.561824798583984,-30.561824798583984
2067,7,0,1,29.693363189697266,-29.693363189697266
2068,3,0,1,32.834964752197266,-32.834964752197266
2069,4,0,1,28.327342987060547,-28.327342987060547
2070,2,1,0,34.30315399169922,-34.30315399169922
2071,9,0,1,29.53569793701172,-29.53569793701172
2072,6,0,1,31.433452606201172,-31.433452606201172
2073,2,1,0,33.67831802368164,-33.67831802368164
2074,2,1,0,30.41625213623047,-30.41625213623047
2075,4,0,1,33.68463134765625,-33.68463134765625
2076,3,0,1,30.457128524780273,-30.457128524780273
2077,0,0,1,33.676116943359375,-33.676116943359375
2078,2,1,0,30.900474548339844,-30.900474548339844
2079,0,0,1,33.8580436706543,-33.8580436706543
2080,1,0,1,27.934240341186523,-27.934240341186523
2081,3,0,1,30.63469696044922,-30.63469696044922
2082,2,1,0,33.6275749206543,-33.6275749206543
2083,2,1,0,28.420162200927734,-28.420162200927734
2084,7,0,1,28.853702545166016,-28.853702545166016
2085,0,0,1,33.207122802734375,-33.207122802734375
2086,1,0,1,29.61792755126953,-29.61792755126953
2087,0,0,1,30.523176193237305,-30.523176193237305
2088,7,0,1,29.077388763427734,-29.077388763427734
2089,7,0,1,26.021438598632812,-26.021438598632812
2090,2,1,0,35.955589294433594,-35.955589294433594
2091,0,0,1,30.630014419555664,-30.630014419555664
2092,1,0,1,28.504858016967773,-28.504858016967773
2093,6,0,1,28.346818923950195,-28.346818923950195
2094,5,0,1,31.047964096069336,-31.047964096069336
2095,0,0,1,29.49322509765625,-29.49322509765625
2096,2,1,0,28.581161499023438,-28.581161499023438
2097,2,1,0,31.86741065979004,-31.86741065979004
2098,0,0,1,31.434850692749023,-31.434850692749023
2099,1,0,1,28.8582706451416,-28.8582706451416
2100,2,1,0,31.257423400878906,-31.257423400878906
2101,6,0,1,29.5753116607666,-29.5753116607666
2102,0,0,1,32.36426544189453,-32.36426544189453
2103,1,0,1,24.588754653930664,-24.588754653930664
2104,6,0,1,30.390628814697266,-30.390628814697266
2105,6,0,1,28.112865447998047,-28.112865447998047
2106,5,0,1,26.268001556396484,-26.268001556396484
2107,3,0,1,28.633834838867188,-28.633834838867188
2108,4,0,1,28.625816345214844,-28.625816345214844
2109,0,0,1,35.06251525878906,-35.06251525878906
2110,0,0,1,31.306934356689453,-31.306934356689453
2111,9,0,1,26.003026962280273,-26.003026962280273
2112,1,0,1,29.724702835083008,-29.724702835083008
2113,0,0,1,34.527626037597656,-34.527626037597656
2114,2,1,0,30.96281623840332,-30.96281623840332
2115,5,0,1,30.27025604248047,-30.27025604248047
2116,9,0,1,28.35411834716797,-28.35411834716797
2117,7,0,1,26.96103286743164,-26.96103286743164
2118,8,0,1,30.107791900634766,-30.107791900634766
2119,6,0,1,24.925193786621094,-24.925193786621094
2120,4,0,1,30.92086410522461,-30.92086410522461
2121,6,0,1,34.2655029296875,-34.2655029296875
2122,0,0,1,30.376609802246094,-30.376609802246094
2123,2,1,0,30.9222469329834,-30.9222469329834
2124,0,0,1,29.09646987915039,-29.09646987915039
2125,1,0,1,25.34765625,-25.34765625
2126,9,0,1,25.304628372192383,-25.304628372192383
2127,2,1,0,29.339130401611328,-29.339130401611328
2128,4,0,1,24.590133666992188,-24.590133666992188
2129,9,0,1,30.081928253173828,-30.081928253173828
2130,0,0,1,26.690732955932617,-26.690732955932617
2131,7,0,1,28.123519897460938,-28.123519897460938
2132,2,1,0,29.885164260864258,-29.885164260864258
2133,3,0,1,31.664508819580078,-31.664508819580078
2134,4,0,1,24.88906478881836,-24.88906478881836
2135,8,0,1,32.773773193359375,-32.773773193359375
2136,0,0,1,25.23337745666504,-25.23337745666504
2137,2,1,0,36.29494094848633,-36.29494094848633
2138,6,0,1,27.565654754638672,-27.565654754638672
2139,8,0,1,31.19792366027832,-31.19792366027832
2140,9,0,1,27.34515380859375,-27.34515380859375
2141,7,0,1,29.167709350585938,-29.167709350585938
2142,1,0,1,28.988178253173828,-28.988178253173828
2143,9,0,1,28.77766227722168,-28.77766227722168
2144,3,0,1,30.389596939086914,-30.389596939086914
2145,7,0,1,30.80553436279297,-30.80553436279297
2146,2,1,0,35.44280242919922,-35.44280242919922
2147,7,0,1,24.890262603759766,-24.890262603759766
2148,9,0,1,22.97037696838379,-22.97037696838379
2149,6,0,1,29.512664794921875,-29.512664794921875
2150,9,0,1,28.225847244262695,-28.225847244262695
2151,5,0,1,32.58300018310547,-32.58300018310547
2152,7,0,1,31.558347702026367,-31.558347702026367
2153,8,0,1,32.628448486328125,-32.628448486328125
2154,5,0,1,28.461254119873047,-28.461254119873047
2155,9,0,1,31.236894607543945,-31.236894607543945
2156,8,0,1,32.81108474731445,-32.81108474731445
2157,3,0,1,32.05562973022461,-32.05562973022461
2158,9,0,1,29.345306396484375,-29.345306396484375
2159,8,0,1,27.194164276123047,-27.194164276123047
2160,0,0,1,31.970317840576172,-31.970317840576172
2161,5,0,1,33.923526763916016,-33.923526763916016
2162,5,0,1,31.803592681884766,-31.803592681884766
2163,7,0,1,26.984655380249023,-26.984655380249023
2164,1,0,1,23.353958129882812,-23.353958129882812
2165,2,1,0,28.725666046142578,-28.725666046142578
2166,0,0,1,30.916324615478516,-30.916324615478516
2167,7,0,1,28.381589889526367,-28.381589889526367
2168,5,0,1,30.599105834960938,-30.599105834960938
2169,8,0,1,34.37807083129883,-34.37807083129883
2170,2,1,0,34.86725616455078,-34.86725616455078
2171,2,1,0,31.88496208190918,-31.88496208190918
2172,5,0,1,31.04324722290039,-31.04324722290039
2173,3,0,1,32.27544403076172,-32.27544403076172
2174,9,0,1,28.796649932861328,-28.796649932861328
2175,3,0,1,28.921918869018555,-28.921918869018555
2176,1,0,1,28.688514709472656,-28.688514709472656
2177,9,0,1,26.66695785522461,-26.66695785522461
2178,3,0,1,27.921724319458008,-27.921724319458008
2179,1,0,1,29.383373260498047,-29.383373260498047
2180,4,0,1,34.05757522583008,-34.05757522583008
2181,3,0,1,28.590267181396484,-28.590267181396484
2182,4,0,1,33.57007598876953,-33.57007598876953
2183,4,0,1,35.304466247558594,-35.304466247558594
2184,9,0,1,29.767595291137695,-29.767595291137695
2185,0,0,1,28.982192993164062,-28.982192993164062
2186,9,0,1,27.06220817565918,-27.06220817565918
2187,5,0,1,27.30338478088379,-27.30338478088379
2188,9,0,1,31.037044525146484,-31.037044525146484
2189,2,1,0,29.026216506958008,-29.026216506958008
2190,9,0,1,27.07614517211914,-27.07614517211914
2191,4,0,1,30.449607849121094,-30.449607849121094
2192,0,0,1,32.1345329284668,-32.1345329284668
2193,2,1,0,29.26978302001953,-29.26978302001953
2194,8,0,1,30.91570472717285,-30.91570472717285
2195,4,0,1,30.05963134765625,-30.05963134765625
2196,8,0,1,32.02543258666992,-32.02543258666992
2197,6,0,1,27.643890380859375,-27.643890380859375
2198,8,0,1,27.894439697265625,-27.894439697265625
2199,2,1,0,29.893217086791992,-29.893217086791992
2200,0,0,1,31.077392578125,-31.077392578125
2201,5,0,1,31.658769607543945,-31.658769607543945
2202,9,0,1,23.446542739868164,-23.446542739868164
2203,6,0,1,28.511363983154297,-28.511363983154297
2204,9,0,1,29.625732421875,-29.625732421875
2205,5,0,1,23.462854385375977,-23.462854385375977
2206,1,0,1,24.518009185791016,-24.518009185791016
2207,3,0,1,34.39550018310547,-34.39550018310547
2208,4,0,1,31.50946807861328,-31.50946807861328
2209,4,0,1,35.57207107543945,-35.57207107543945
2210,2,1,0,32.407535552978516,-32.407535552978516
2211,7,0,1,30.253578186035156,-30.253578186035156
2212,2,1,0,34.136817932128906,-34.136817932128906
2213,4,0,1,30.34421730041504,-30.34421730041504
2214,4,0,1,30.473588943481445,-30.473588943481445
2215,0,0,1,34.23513412475586,-34.23513412475586
2216,2,1,0,28.455726623535156,-28.455726623535156
2217,8,0,1,32.82127380371094,-32.82127380371094
2218,4,0,1,31.836875915527344,-31.836875915527344
2219,5,0,1,28.26078224182129,-28.26078224182129
2220,1,0,1,28.127317428588867,-28.127317428588867
2221,2,1,0,31.950725555419922,-31.950725555419922
2222,6,0,1,29.50782012939453,-29.50782012939453
2223,8,0,1,35.51195526123047,-35.51195526123047
2224,1,0,1,26.668596267700195,-26.668596267700195
2225,7,0,1,27.834928512573242,-27.834928512573242
2226,2,1,0,29.087215423583984,-29.087215423583984
2227,8,0,1,31.844696044921875,-31.844696044921875
2228,7,0,1,25.65393829345703,-25.65393829345703
2229,4,0,1,31.230775833129883,-31.230775833129883
2230,3,0,1,30.60736846923828,-30.60736846923828
2231,3,0,1,27.162742614746094,-27.162742614746094
2232,0,0,1,26.62476348876953,-26.62476348876953
2233,3,0,1,27.275602340698242,-27.275602340698242
2234,7,0,1,27.596372604370117,-27.596372604370117
2235,2,1,0,32.718666076660156,-32.718666076660156
2236,5,0,1,34.447669982910156,-34.447669982910156
2237,6,0,1,33.94816970825195,-33.94816970825195
2238,1,0,1,22.612829208374023,-22.612829208374023
2239,7,0,1,29.445755004882812,-29.445755004882812
2240,9,0,1,30.82461929321289,-30.82461929321289
2241,0,0,1,30.217880249023438,-30.217880249023438
2242,2,1,0,30.828296661376953,-30.828296661376953
2243,3,0,1,33.81338119506836,-33.81338119506836
2244,9,0,1,28.274147033691406,-28.274147033691406
2245,8,0,1,34.25096893310547,-34.25096893310547
2246,9,0,1,30.309825897216797,-30.309825897216797
2247,5,0,1,29.567241668701172,-29.567241668701172
2248,0,0,1,32.252403259277344,-32.252403259277344
2249,0,0,1,31.057483673095703,-31.057483673095703
2250,7,0,1,29.41830825805664,-29.41830825805664
2251,6,0,1,31.23786163330078,-31.23786163330078
2252,3,0,1,29.342809677124023,-29.342809677124023
2253,3,0,1,26.145252227783203,-26.145252227783203
2254,8,0,1,35.51283264160156,-35.51283264160156
2255,1,0,1,27.126129150390625,-27.126129150390625
2256,4,0,1,32.34076690673828,-32.34076690673828
2257,0,0,1,28.75005340576172,-28.75005340576172
2258,1,0,1,26.13701820373535,-26.13701820373535
2259,5,0,1,28.557607650756836,-28.557607650756836
2260,4,0,1,27.987178802490234,-27.987178802490234
2261,3,0,1,29.890201568603516,-29.890201568603516
2262,2,1,0,27.40460968017578,-27.40460968017578
2263,6,0,1,29.46512222290039,-29.46512222290039
2264,0,0,1,28.48063850402832,-28.48063850402832
2265,8,0,1,33.60695266723633,-33.60695266723633
2266,8,0,1,27.380006790161133,-27.380006790161133
2267,6,0,1,30.71457290649414,-30.71457290649414
2268,3,0,1,29.511314392089844,-29.511314392089844
2269,3,0,1,28.38549041748047,-28.38549041748047
2270,2,1,0,31.507930755615234,-31.507930755615234
2271,9,0,1,24.174036026000977,-24.174036026000977
2272,7,0,1,29.640613555908203,-29.640613555908203
2273,5,0,1,30.351886749267578,-30.351886749267578
2274,1,0,1,25.787147521972656,-25.787147521972656
2275,6,0,1,30.01051139831543,-30.01051139831543
2276,0,0,1,28.511762619018555,-28.511762619018555
2277,5,0,1,26.57808494567871,-26.57808494567871
2278,9,0,1,28.056934356689453,-28.056934356689453
2279,9,0,1,26.02696418762207,-26.02696418762207
2280,4,0,1,34.87253952026367,-34.87253952026367
2281,5,0,1,31.27351188659668,-31.27351188659668
2282,9,0,1,31.277496337890625,-31.277496337890625
2283,4,0,1,31.188270568847656,-31.188270568847656
2284,8,0,1,34.68144989013672,-34.68144989013672
2285,3,0,1,23.94826889038086,-23.94826889038086
2286,3,0,1,29.03271484375,-29.03271484375
2287,2,1,0,30.997432708740234,-30.997432708740234
2288,5,0,1,30.73023223876953,-30.73023223876953
2289,1,0,1,27.33660125732422,-27.33660125732422
2290,9,0,1,22.52073860168457,-22.52073860168457
2291,5,0,1,27.43527603149414,-27.43527603149414
2292,5,0,1,32.13806915283203,-32.13806915283203
2293,8,0,1,23.869384765625,-23.869384765625
2294,1,0,1,30.249582290649414,-30.249582290649414
2295,8,0,1,30.01296615600586,-30.01296615600586
2296,9,0,1,27.091535568237305,-27.091535568237305
2297,7,0,1,29.302352905273438,-29.302352905273438
2298,0,0,1,31.13039207458496,-31.13039207458496
2299,6,0,1,32.40753173828125,-32.40753173828125
2300,3,0,1,33.993499755859375,-33.993499755859375
2301,2,1,0,30.904071807861328,-30.904071807861328
2302,0,0,1,29.526016235351562,-29.526016235351562
2303,2,1,0,35.776329040527344,-35.776329040527344
2304,6,0,1,29.74361801147461,-29.74361801147461
2305,9,0,1,29.95907211303711,-29.95907211303711
2306,3,0,1,29.255550384521484,-29.255550384521484
2307,9,0,1,28.209800720214844,-28.209800720214844
2308,1,0,1,27.126440048217773,-27.126440048217773
2309,6,0,1,31.459918975830078,-31.459918975830078
2310,6,0,1,29.28988265991211,-29.28988265991211
2311,7,0,1,33.81067657470703,-33.81067657470703
2312,2,1,0,31.37155532836914,-31.37155532836914
2313,6,0,1,30.849515914916992,-30.849515914916992
2314,3,0,1,29.8787841796875,-29.8787841796875
2315,2,1,0,33.98091125488281,-33.98091125488281
2316,5,0,1,31.699520111083984,-31.699520111083984
2317,5,0,1,32.552059173583984,-32.552059173583984
2318,2,1,0,33.003780364990234,-33.003780364990234
2319,7,0,1,29.53639793395996,-29.53639793395996
2320,5,0,1,28.042312622070312,-28.042312622070312
2321,2,1,0,33.405303955078125,-33.405303955078125
2322,0,0,1,27.611923217773438,-27.611923217773438
2323,8,0,1,28.08366584777832,-28.08366584777832
2324,0,0,1,35.57585144042969,-35.57585144042969
2325,7,0,1,28.064390182495117,-28.064390182495117
2326,7,0,1,29.309959411621094,-29.309959411621094
2327,1,0,1,27.601924896240234,-27.601924896240234
2328,7,0,1,29.916751861572266,-29.916751861572266
2329,4,0,1,25.136781692504883,-25.136781692504883
2330,0,0,1,32.88664245605469,-32.88664245605469
2331,2,1,0,29.818679809570312,-29.818679809570312
2332,2,1,0,29.041034698486328,-29.041034698486328
2333,6,0,1,27.573598861694336,-27.573598861694336
2334,1,0,1,28.69371795654297,-28.69371795654297
2335,5,0,1,30.761058807373047,-30.761058807373047
2336,9,0,1,30.201555252075195,-30.201555252075195
2337,7,0,1,30.380050659179688,-30.380050659179688
2338,6,0,1,31.919343948364258,-31.919343948364258
2339,2,1,0,32.24186706542969,-32.24186706542969
2340,7,0,1,29.95587730407715,-29.95587730407715
2341,0,0,1,29.55320930480957,-29.55320930480957
2342,5,0,1,31.280179977416992,-31.280179977416992
2343,6,0,1,27.620441436767578,-27.620441436767578
2344,0,0,1,30.28516960144043,-30.28516960144043
2345,1,0,1,26.158117294311523,-26.158117294311523
2346,1,0,1,28.376888275146484,-28.376888275146484
2347,8,0,1,29.85072135925293,-29.85072135925293
2348,4,0,1,25.24327278137207,-25.24327278137207
2349,5,0,1,30.337356567382812,-30.337356567382812
2350,3,0,1,34.281734466552734,-34.281734466552734
2351,1,0,1,27.32223129272461,-27.32223129272461
2352,2,1,0,31.829469680786133,-31.829469680786133
2353,4,0,1,32.21931457519531,-32.21931457519531
2354,8,0,1,25.947813034057617,-25.947813034057617
2355,9,0,1,32.63789367675781,-32.63789367675781
2356,8,0,1,33.804588317871094,-33.804588317871094
2357,1,0,1,28.792648315429688,-28.792648315429688
2358,7,0,1,27.010618209838867,-27.010618209838867
2359,2,1,0,35.74372863769531,-35.74372863769531
2360,7,0,1,24.650197982788086,-24.650197982788086
2361,2,1,0,29.844738006591797,-29.844738006591797
2362,3,0,1,32.52478790283203,-32.52478790283203
2363,2,1,0,25.6057071685791,-25.6057071685791
2364,6,0,1,26.7590389251709,-26.7590389251709
2365,7,0,1,29.448585510253906,-29.448585510253906
2366,9,0,1,31.30320167541504,-31.30320167541504
2367,4,0,1,31.031538009643555,-31.031538009643555
2368,0,0,1,29.885459899902344,-29.885459899902344
2369,1,0,1,27.472402572631836,-27.472402572631836
2370,0,0,1,33.65249252319336,-33.65249252319336
2371,4,0,1,31.820659637451172,-31.820659637451172
2372,5,0,1,30.26628303527832,-30.26628303527832
2373,0,0,1,30.703493118286133,-30.703493118286133
2374,8,0,1,28.597625732421875,-28.597625732421875
2375,0,0,1,32.74519729614258,-32.74519729614258
2376,7,0,1,28.84156608581543,-28.84156608581543
2377,6,0,1,31.522336959838867,-31.522336959838867
2378,1,0,1,26.726022720336914,-26.726022720336914
2379,0,0,1,30.523509979248047,-30.523509979248047
2380,8,0,1,32.6988639831543,-32.6988639831543
2381,5,0,1,24.6870059967041,-24.6870059967041
2382,9,0,1,28.70848274230957,-28.70848274230957
2383,2,1,0,35.079811096191406,-35.079811096191406
2384,5,0,1,27.53914451599121,-27.53914451599121
2385,4,0,1,31.2624454498291,-31.2624454498291
2386,4,0,1,27.062747955322266,-27.062747955322266
2387,9,0,1,32.1287841796875,-32.1287841796875
2388,0,0,1,31.413850784301758,-31.413850784301758
2389,6,0,1,28.24186897277832,-28.24186897277832
2390,1,0,1,30.154333114624023,-30.154333114624023
2391,2,1,0,35.51311492919922,-35.51311492919922
2392,5,0,1,28.075328826904297,-28.075328826904297
2393,1,0,1,26.155967712402344,-26.155967712402344
2394,6,0,1,27.58709144592285,-27.58709144592285
2395,7,0,1,31.84583282470703,-31.84583282470703
2396,1,0,1,28.117961883544922,-28.117961883544922
2397,5,0,1,29.527070999145508,-29.527070999145508
2398,8,0,1,34.47191619873047,-34.47191619873047
2399,8,0,1,33.522674560546875,-33.522674560546875
2400,0,0,1,30.289112091064453,-30.289112091064453
2401,3,0,1,34.521114349365234,-34.521114349365234
2402,9,0,1,25.30402374267578,-25.30402374267578
2403,4,0,1,32.65625,-32.65625
2404,0,0,1,30.190357208251953,-30.190357208251953
2405,3,0,1,28.720335006713867,-28.720335006713867
2406,4,0,1,32.5706672668457,-32.5706672668457
2407,9,0,1,32.18183898925781,-32.18183898925781
2408,2,1,0,34.172393798828125,-34.172393798828125
2409,4,0,1,29.636077880859375,-29.636077880859375
2410,3,0,1,29.542949676513672,-29.542949676513672
2411,0,0,1,36.05134201049805,-36.05134201049805
2412,6,0,1,32.639320373535156,-32.639320373535156
2413,4,0,1,27.902685165405273,-27.902685165405273
2414,5,0,1,30.724645614624023,-30.724645614624023
2415,6,0,1,27.814802169799805,-27.814802169799805
2416,6,0,1,28.335044860839844,-28.335044860839844
2417,7,0,1,27.687156677246094,-27.687156677246094
2418,8,0,1,30.58078384399414,-30.58078384399414
2419,4,0,1,31.87427520751953,-31.87427520751953
2420,8,0,1,28.51461410522461,-28.51461410522461
2421,8,0,1,29.75412940979004,-29.75412940979004
2422,3,0,1,32.733131408691406,-32.733131408691406
2423,2,1,0,32.99497985839844,-32.99497985839844
2424,8,0,1,31.276376724243164,-31.276376724243164
2425,0,0,1,26.36493492126465,-26.36493492126465
2426,2,1,0,35.22978973388672,-35.22978973388672
2427,5,0,1,29.131938934326172,-29.131938934326172
2428,6,0,1,27.715747833251953,-27.715747833251953
2429,8,0,1,31.439294815063477,-31.439294815063477
2430,7,0,1,32.556758880615234,-32.556758880615234
2431,8,0,1,35.050071716308594,-35.050071716308594
2432,9,0,1,31.70452880859375,-31.70452880859375
2433,9,0,1,26.695125579833984,-26.695125579833984
2434,0,0,1,29.64698028564453,-29.64698028564453
2435,6,0,1,30.79343032836914,-30.79343032836914
2436,6,0,1,22.084943771362305,-22.084943771362305
2437,8,0,1,31.44000816345215,-31.44000816345215
2438,1,0,1,30.619108200073242,-30.619108200073242
2439,1,0,1,22.67484474182129,-22.67484474182129
2440,7,0,1,29.31707000732422,-29.31707000732422
2441,4,0,1,33.18572235107422,-33.18572235107422
2442,4,0,1,30.61361312866211,-30.61361312866211
2443,2,1,0,32.50572967529297,-32.50572967529297
2444,3,0,1,29.33430290222168,-29.33430290222168
2445,6,0,1,25.197765350341797,-25.197765350341797
2446,9,0,1,26.9666748046875,-26.9666748046875
2447,6,0,1,23.644086837768555,-23.644086837768555
2448,2,1,0,30.934768676757812,-30.934768676757812
2449,4,0,1,30.656940460205078,-30.656940460205078
2450,1,0,1,22.229473114013672,-22.229473114013672
2451,8,0,1,24.58599853515625,-24.58599853515625
2452,2,1,0,31.812030792236328,-31.812030792236328
2453,3,0,1,32.68922424316406,-32.68922424316406
2454,1,0,1,30.34015655517578,-30.34015655517578
2455,6,0,1,29.846168518066406,-29.846168518066406
2456,8,0,1,30.357017517089844,-30.357017517089844
2457,6,0,1,28.817222595214844,-28.817222595214844
2458,8,0,1,33.561092376708984,-33.561092376708984
2459,5,0,1,34.74760437011719,-34.74760437011719
2460,9,0,1,29.460180282592773,-29.460180282592773
2461,0,0,1,34.16960906982422,-34.16960906982422
2462,1,0,1,28.44512176513672,-28.44512176513672
2463,0,0,1,30.1181583404541,-30.1181583404541
2464,2,1,0,32.11542510986328,-32.11542510986328
2465,9,0,1,28.16731834411621,-28.16731834411621
2466,2,1,0,28.93741226196289,-28.93741226196289
2467,9,0,1,30.29401969909668,-30.29401969909668
2468,0,0,1,29.813308715820312,-29.813308715820312
2469,9,0,1,28.01702880859375,-28.01702880859375
2470,7,0,1,26.753734588623047,-26.753734588623047
2471,8,0,1,28.325565338134766,-28.325565338134766
2472,5,0,1,30.36670684814453,-30.36670684814453
2473,0,0,1,30.462522506713867,-30.462522506713867
2474,6,0,1,29.369308471679688,-29.369308471679688
2475,6,0,1,32.3115234375,-32.3115234375
2476,8,0,1,32.11212158203125,-32.11212158203125
2477,1,0,1,30.525142669677734,-30.525142669677734
2478,6,0,1,28.30624771118164,-28.30624771118164
2479,5,0,1,27.248531341552734,-27.248531341552734
2480,8,0,1,30.544275283813477,-30.544275283813477
2481,7,0,1,31.50090789794922,-31.50090789794922
2482,9,0,1,27.166873931884766,-27.166873931884766
2483,2,1,0,27.614620208740234,-27.614620208740234
2484,1,0,1,27.52062225341797,-27.52062225341797
2485,6,0,1,23.94475746154785,-23.94475746154785
2486,7,0,1,31.908050537109375,-31.908050537109375
2487,5,0,1,25.36019515991211,-25.36019515991211
2488,6,0,1,29.014863967895508,-29.014863967895508
2489,3,0,1,32.754756927490234,-32.754756927490234
2490,0,0,1,28.232349395751953,-28.232349395751953
2491,9,0,1,33.8635368347168,-33.8635368347168
2492,8,0,1,26.380409240722656,-26.380409240722656
2493,9,0,1,26.92099952697754,-26.92099952697754
2494,5,0,1,28.246976852416992,-28.246976852416992
2495,9,0,1,30.710176467895508,-30.710176467895508
2496,9,0,1,24.84450912475586,-24.84450912475586
2497,9,0,1,29.15791130065918,-29.15791130065918
2498,3,0,1,28.832176208496094,-28.832176208496094
2499,6,0,1,28.833751678466797,-28.833751678466797
2500,4,0,1,30.133012771606445,-30.133012771606445
2501,4,0,1,34.17988586425781,-34.17988586425781
2502,8,0,1,26.26812744140625,-26.26812744140625
2503,8,0,1,31.110698699951172,-31.110698699951172
2504,1,0,1,22.427852630615234,-22.427852630615234
2505,7,0,1,25.88529396057129,-25.88529396057129
2506,3,0,1,27.88495635986328,-27.88495635986328
2507,0,0,1,36.73210906982422,-36.73210906982422
2508,6,0,1,28.89520263671875,-28.89520263671875
2509,2,1,0,28.90508270263672,-28.90508270263672
2510,4,0,1,31.35902214050293,-31.35902214050293
2511,8,0,1,29.20588493347168,-29.20588493347168
2512,2,1,0,31.117218017578125,-31.117218017578125
2513,2,1,0,35.251136779785156,-35.251136779785156
2514,9,0,1,29.394561767578125,-29.394561767578125
2515,2,1,0,34.44684600830078,-34.44684600830078
2516,2,1,0,33.084224700927734,-33.084224700927734
2517,9,0,1,26.080717086791992,-26.080717086791992
2518,7,0,1,27.226272583007812,-27.226272583007812
2519,4,0,1,32.28504180908203,-32.28504180908203
2520,1,0,1,27.794164657592773,-27.794164657592773
2521,9,0,1,32.828834533691406,-32.828834533691406
2522,1,0,1,28.49761962890625,-28.49761962890625
2523,4,0,1,28.72298240661621,-28.72298240661621
2524,3,0,1,31.992469787597656,-31.992469787597656
2525,5,0,1,27.71825408935547,-27.71825408935547
2526,3,0,1,27.616905212402344,-27.616905212402344
2527,8,0,1,29.609783172607422,-29.609783172607422
2528,9,0,1,31.052509307861328,-31.052509307861328
2529,3,0,1,26.54405975341797,-26.54405975341797
2530,6,0,1,31.337854385375977,-31.337854385375977
2531,2,1,0,29.103086471557617,-29.103086471557617
2532,0,0,1,30.345638275146484,-30.345638275146484
2533,8,0,1,30.179847717285156,-30.179847717285156
2534,9,0,1,31.287128448486328,-31.287128448486328
2535,0,0,1,28.20243263244629,-28.20243263244629
2536,5,0,1,31.180356979370117,-31.180356979370117
2537,1,0,1,25.46666717529297,-25.46666717529297
2538,5,0,1,31.282421112060547,-31.282421112060547
2539,8,0,1,28.648258209228516,-28.648258209228516
2540,2,1,0,28.42544174194336,-28.42544174194336
2541,1,0,1,27.47211456298828,-27.47211456298828
2542,2,1,0,33.27592468261719,-33.27592468261719
2543,3,0,1,30.54035758972168,-30.54035758972168
2544,2,1,0,32.77046203613281,-32.77046203613281
2545,4,0,1,25.86585807800293,-25.86585807800293
2546,8,0,1,35.025115966796875,-35.025115966796875
2547,4,0,1,30.478113174438477,-30.478113174438477
2548,0,0,1,27.05358123779297,-27.05358123779297
2549,6,0,1,32.624324798583984,-32.624324798583984
2550,4,0,1,28.615039825439453,-28.615039825439453
2551,2,1,0,33.370086669921875,-33.370086669921875
2552,9,0,1,26.087507247924805,-26.087507247924805
2553,8,0,1,32.576988220214844,-32.576988220214844
2554,4,0,1,28.997936248779297,-28.997936248779297
2555,7,0,1,23.247480392456055,-23.247480392456055
2556,6,0,1,29.90861701965332,-29.90861701965332
2557,2,1,0,29.16863250732422,-29.16863250732422
2558,4,0,1,31.303808212280273,-31.303808212280273
2559,7,0,1,30.05027961730957,-30.05027961730957
2560,7,0,1,32.42279052734375,-32.42279052734375
2561,6,0,1,27.65764808654785,-27.65764808654785
2562,4,0,1,33.32477569580078,-33.32477569580078
2563,2,1,0,34.048126220703125,-34.048126220703125
2564,2,1,0,30.644214630126953,-30.644214630126953
2565,3,0,1,29.110553741455078,-29.110553741455078
2566,2,1,0,29.059642791748047,-29.059642791748047
2567,4,0,1,32.7216682434082,-32.7216682434082
2568,9,0,1,30.352746963500977,-30.352746963500977
2569,0,0,1,31.044076919555664,-31.044076919555664
2570,0,0,1,36.11930465698242,-36.11930465698242
2571,9,0,1,26.558757781982422,-26.558757781982422
2572,6,0,1,24.494810104370117,-24.494810104370117
2573,5,0,1,30.369186401367188,-30.369186401367188
2574,8,0,1,31.682571411132812,-31.682571411132812
2575,5,0,1,32.70851516723633,-32.70851516723633
2576,2,1,0,27.801517486572266,-27.801517486572266
2577,4,0,1,32.365360260009766,-32.365360260009766
2578,8,0,1,23.277570724487305,-23.277570724487305
2579,8,0,1,32.13938903808594,-32.13938903808594
2580,6,0,1,22.522647857666016,-22.522647857666016
2581,4,0,1,28.540882110595703,-28.540882110595703
2582,5,0,1,30.196304321289062,-30.196304321289062
2583,7,0,1,23.891847610473633,-23.891847610473633
2584,6,0,1,31.190204620361328,-31.190204620361328
2585,3,0,1,36.065032958984375,-36.065032958984375
2586,7,0,1,34.76266860961914,-34.76266860961914
2587,0,0,1,28.349605560302734,-28.349605560302734
2588,4,0,1,29.63301658630371,-29.63301658630371
2589,0,0,1,36.263397216796875,-36.263397216796875
2590,5,0,1,31.27775001525879,-31.27775001525879
2591,8,0,1,35.44561004638672,-35.44561004638672
2592,2,1,0,31.972068786621094,-31.972068786621094
2593,8,0,1,27.358169555664062,-27.358169555664062
2594,0,0,1,26.71508026123047,-26.71508026123047
2595,4,0,1,30.05149269104004,-30.05149269104004
2596,9,0,1,29.667926788330078,-29.667926788330078
2597,2,1,0,32.275115966796875,-32.275115966796875
2598,3,0,1,33.92259979248047,-33.92259979248047
2599,6,0,1,31.518951416015625,-31.518951416015625
2600,8,0,1,30.38641929626465,-30.38641929626465
2601,1,0,1,24.971010208129883,-24.971010208129883
2602,6,0,1,29.94866371154785,-29.94866371154785
2603,0,0,1,31.135570526123047,-31.135570526123047
2604,8,0,1,29.974464416503906,-29.974464416503906
2605,4,0,1,31.388870239257812,-31.388870239257812
2606,3,0,1,31.212594985961914,-31.212594985961914
2607,1,0,1,29.763408660888672,-29.763408660888672
2608,4,0,1,33.324798583984375,-33.324798583984375
2609,5,0,1,31.828096389770508,-31.828096389770508
2610,2,1,0,35.99410629272461,-35.99410629272461
2611,4,0,1,31.147411346435547,-31.147411346435547
2612,3,0,1,31.635225296020508,-31.635225296020508
2613,6,0,1,35.02566909790039,-35.02566909790039
2614,0,0,1,32.682945251464844,-32.682945251464844
2615,7,0,1,29.990726470947266,-29.990726470947266
2616,1,0,1,29.964275360107422,-29.964275360107422
2617,3,0,1,25.187313079833984,-25.187313079833984
2618,5,0,1,29.614055633544922,-29.614055633544922
2619,7,0,1,26.45507049560547,-26.45507049560547
2620,1,0,1,30.78997230529785,-30.78997230529785
2621,8,0,1,33.29257583618164,-33.29257583618164
2622,0,0,1,35.543495178222656,-35.543495178222656
2623,4,0,1,34.94381332397461,-34.94381332397461
2624,8,0,1,23.695411682128906,-23.695411682128906
2625,2,1,0,31.921875,-31.921875
2626,7,0,1,34.75457000732422,-34.75457000732422
2627,7,0,1,31.196367263793945,-31.196367263793945
2628,0,0,1,32.485111236572266,-32.485111236572266
2629,2,1,0,32.450050354003906,-32.450050354003906
2630,2,1,0,28.908327102661133,-28.908327102661133
2631,4,0,1,32.04825973510742,-32.04825973510742
2632,3,0,1,31.04979705810547,-31.04979705810547
2633,3,0,1,29.25357437133789,-29.25357437133789
2634,1,0,1,26.895639419555664,-26.895639419555664
2635,6,0,1,32.13276290893555,-32.13276290893555
2636,1,0,1,30.610307693481445,-30.610307693481445
2637,6,0,1,29.145626068115234,-29.145626068115234
2638,4,0,1,29.13528060913086,-29.13528060913086
2639,6,0,1,23.01980972290039,-23.01980972290039
2640,7,0,1,27.30295181274414,-27.30295181274414
2641,4,0,1,31.336509704589844,-31.336509704589844
2642,7,0,1,31.43438720703125,-31.43438720703125
2643,3,0,1,32.0826530456543,-32.0826530456543
2644,8,0,1,31.25006675720215,-31.25006675720215
2645,1,0,1,26.352806091308594,-26.352806091308594
2646,3,0,1,29.739774703979492,-29.739774703979492
2647,1,0,1,25.611162185668945,-25.611162185668945
2648,4,0,1,31.6685848236084,-31.6685848236084
2649,6,0,1,32.28379440307617,-32.28379440307617
2650,5,0,1,29.090007781982422,-29.090007781982422
2651,5,0,1,31.32678985595703,-31.32678985595703
2652,7,0,1,25.27558708190918,-25.27558708190918
2653,4,0,1,29.4654598236084,-29.4654598236084
2654,5,0,1,32.34016799926758,-32.34016799926758
2655,4,0,1,32.333213806152344,-32.333213806152344
2656,9,0,1,27.83277130126953,-27.83277130126953
2657,7,0,1,28.914493560791016,-28.914493560791016
2658,7,0,1,29.604887008666992,-29.604887008666992
2659,2,1,0,31.910737991333008,-31.910737991333008
2660,3,0,1,34.14520263671875,-34.14520263671875
2661,3,0,1,31.405607223510742,-31.405607223510742
2662,6,0,1,34.18660354614258,-34.18660354614258
2663,7,0,1,28.02481460571289,-28.02481460571289
2664,4,0,1,33.84700012207031,-33.84700012207031
2665,1,0,1,27.15523910522461,-27.15523910522461
2666,6,0,1,30.100595474243164,-30.100595474243164
2667,1,0,1,24.9456729888916,-24.9456729888916
2668,0,0,1,36.781402587890625,-36.781402587890625
2669,6,0,1,29.691585540771484,-29.691585540771484
2670,9,0,1,27.815763473510742,-27.815763473510742
2671,6,0,1,29.454429626464844,-29.454429626464844
2672,0,0,1,30.57451057434082,-30.57451057434082
2673,2,1,0,33.125938415527344,-33.125938415527344
2674,0,0,1,27.436229705810547,-27.436229705810547
2675,2,1,0,29.637094497680664,-29.637094497680664
2676,4,0,1,31.48575210571289,-31.48575210571289
2677,7,0,1,28.793731689453125,-28.793731689453125
2678,0,0,1,30.337574005126953,-30.337574005126953
2679,0,0,1,21.317012786865234,-21.317012786865234
2680,0,0,1,30.21091079711914,-30.21091079711914
2681,0,0,1,33.61100769042969,-33.61100769042969
2682,7,0,1,27.635530471801758,-27.635530471801758
2683,5,0,1,29.76659393310547,-29.76659393310547
2684,3,0,1,28.256702423095703,-28.256702423095703
2685,2,1,0,32.58308029174805,-32.58308029174805
2686,7,0,1,30.84648895263672,-30.84648895263672
2687,8,0,1,26.875137329101562,-26.875137329101562
2688,5,0,1,28.914884567260742,-28.914884567260742
2689,5,0,1,33.3306770324707,-33.3306770324707
2690,2,1,0,29.813812255859375,-29.813812255859375
2691,2,1,0,30.413921356201172,-30.413921356201172
2692,8,0,1,31.779640197753906,-31.779640197753906
2693,9,0,1,24.44636344909668,-24.44636344909668
2694,1,0,1,28.287715911865234,-28.287715911865234
2695,2,1,0,27.582366943359375,-27.582366943359375
2696,2,1,0,34.63221740722656,-34.63221740722656
2697,0,0,1,25.858264923095703,-25.858264923095703
2698,3,0,1,24.884681701660156,-24.884681701660156
2699,4,0,1,31.131671905517578,-31.131671905517578
2700,9,0,1,23.336227416992188,-23.336227416992188
2701,1,0,1,27.907955169677734,-27.907955169677734
2702,6,0,1,31.32166290283203,-31.32166290283203
2703,9,0,1,27.34491729736328,-27.34491729736328
2704,0,0,1,32.951210021972656,-32.951210021972656
2705,8,0,1,30.253555297851562,-30.253555297851562
2706,3,0,1,33.29464340209961,-33.29464340209961
2707,6,0,1,33.203704833984375,-33.203704833984375
2708,4,0,1,30.656946182250977,-30.656946182250977
2709,6,0,1,36.42646408081055,-36.42646408081055
2710,7,0,1,28.364681243896484,-28.364681243896484
2711,5,0,1,35.62471008300781,-35.62471008300781
2712,1,0,1,27.60891342163086,-27.60891342163086
2713,8,0,1,29.961721420288086,-29.961721420288086
2714,9,0,1,31.124040603637695,-31.124040603637695
2715,0,0,1,33.008628845214844,-33.008628845214844
2716,5,0,1,30.980165481567383,-30.980165481567383
2717,0,0,1,33.03694152832031,-33.03694152832031
2718,5,0,1,33.40027618408203,-33.40027618408203
2719,4,0,1,31.491910934448242,-31.491910934448242
2720,3,0,1,32.04962921142578,-32.04962921142578
2721,8,0,1,29.056154251098633,-29.056154251098633
2722,5,0,1,32.345130920410156,-32.345130920410156
2723,2,1,0,30.449947357177734,-30.449947357177734
2724,0,0,1,34.812660217285156,-34.812660217285156
2725,8,0,1,29.74557113647461,-29.74557113647461
2726,5,0,1,31.97225570678711,-31.97225570678711
2727,9,0,1,28.699058532714844,-28.699058532714844
2728,2,1,0,30.75469398498535,-30.75469398498535
2729,5,0,1,28.556428909301758,-28.556428909301758
2730,6,0,1,31.003002166748047,-31.003002166748047
2731,5,0,1,28.654754638671875,-28.654754638671875
2732,7,0,1,28.35633659362793,-28.35633659362793
2733,3,0,1,29.754779815673828,-29.754779815673828
2734,7,0,1,25.85927391052246,-25.85927391052246
2735,2,1,0,34.31896209716797,-34.31896209716797
2736,8,0,1,29.21400260925293,-29.21400260925293
2737,8,0,1,25.92340660095215,-25.92340660095215
2738,4,0,1,30.88607406616211,-30.88607406616211
2739,2,1,0,33.52977752685547,-33.52977752685547
2740,1,0,1,28.54385757446289,-28.54385757446289
2741,6,0,1,30.002948760986328,-30.002948760986328
2742,2,1,0,29.30965232849121,-29.30965232849121
2743,9,0,1,29.550735473632812,-29.550735473632812
2744,9,0,1,24.32098388671875,-24.32098388671875
2745,8,0,1,27.658626556396484,-27.658626556396484
2746,2,1,0,26.546321868896484,-26.546321868896484
2747,3,0,1,26.003450393676758,-26.003450393676758
2748,1,0,1,22.51226043701172,-22.51226043701172
2749,0,0,1,29.495101928710938,-29.495101928710938
2750,5,0,1,28.45356559753418,-28.45356559753418
2751,2,1,0,31.61102294921875,-31.61102294921875
2752,3,0,1,27.856107711791992,-27.856107711791992
2753,7,0,1,28.341445922851562,-28.341445922851562
2754,9,0,1,27.69414710998535,-27.69414710998535
2755,5,0,1,27.210735321044922,-27.210735321044922
2756,9,0,1,24.134504318237305,-24.134504318237305
2757,1,0,1,25.8187198638916,-25.8187198638916
2758,1,0,1,28.445743560791016,-28.445743560791016
2759,3,0,1,34.637489318847656,-34.637489318847656
2760,2,1,0,31.817623138427734,-31.817623138427734
2761,7,0,1,26.135982513427734,-26.135982513427734
2762,4,0,1,35.08918762207031,-35.08918762207031
2763,4,0,1,33.18081283569336,-33.18081283569336
2764,1,0,1,30.272335052490234,-30.272335052490234
2765,9,0,1,31.832012176513672,-31.832012176513672
2766,4,0,1,30.449907302856445,-30.449907302856445
2767,5,0,1,26.419612884521484,-26.419612884521484
2768,5,0,1,33.07911682128906,-33.07911682128906
2769,2,1,0,26.31364631652832,-26.31364631652832
2770,7,0,1,30.27942657470703,-30.27942657470703
2771,7,0,1,27.03165054321289,-27.03165054321289
2772,6,0,1,29.946353912353516,-29.946353912353516
2773,1,0,1,28.350534439086914,-28.350534439086914
2774,2,1,0,30.082590103149414,-30.082590103149414
2775,3,0,1,27.499332427978516,-27.499332427978516
2776,7,0,1,34.148353576660156,-34.148353576660156
2777,5,0,1,28.14893341064453,-28.14893341064453
2778,4,0,1,31.190608978271484,-31.190608978271484
2779,3,0,1,27.484149932861328,-27.484149932861328
2780,7,0,1,28.246315002441406,-28.246315002441406
2781,7,0,1,31.712017059326172,-31.712017059326172
2782,0,0,1,31.399606704711914,-31.399606704711914
2783,0,0,1,32.100521087646484,-32.100521087646484
2784,1,0,1,29.669063568115234,-29.669063568115234
2785,4,0,1,27.943687438964844,-27.943687438964844
2786,4,0,1,26.50773048400879,-26.50773048400879
2787,3,0,1,27.31065559387207,-27.31065559387207
2788,7,0,1,26.016990661621094,-26.016990661621094
2789,9,0,1,28.267711639404297,-28.267711639404297
2790,8,0,1,35.616615295410156,-35.616615295410156
2791,7,0,1,29.338233947753906,-29.338233947753906
2792,0,0,1,29.01984977722168,-29.01984977722168
2793,9,0,1,24.409196853637695,-24.409196853637695
2794,0,0,1,27.24662208557129,-27.24662208557129
2795,3,0,1,28.985084533691406,-28.985084533691406
2796,7,0,1,30.520334243774414,-30.520334243774414
2797,6,0,1,30.675846099853516,-30.675846099853516
2798,3,0,1,29.607799530029297,-29.607799530029297
2799,8,0,1,25.785598754882812,-25.785598754882812
2800,4,0,1,30.215482711791992,-30.215482711791992
2801,5,0,1,26.932809829711914,-26.932809829711914
2802,6,0,1,30.745838165283203,-30.745838165283203
2803,5,0,1,29.619800567626953,-29.619800567626953
2804,3,0,1,30.595924377441406,-30.595924377441406
2805,4,0,1,34.039798736572266,-34.039798736572266
2806,2,1,0,28.915088653564453,-28.915088653564453
2807,9,0,1,25.668415069580078,-25.668415069580078
2808,2,1,0,32.95225143432617,-32.95225143432617
2809,4,0,1,28.11932373046875,-28.11932373046875
2810,9,0,1,22.817825317382812,-22.817825317382812
2811,2,1,0,31.467256546020508,-31.467256546020508
2812,0,0,1,34.25381851196289,-34.25381851196289
2813,1,0,1,26.945682525634766,-26.945682525634766
2814,1,0,1,29.203323364257812,-29.203323364257812
2815,3,0,1,27.70977020263672,-27.70977020263672
2816,7,0,1,26.989582061767578,-26.989582061767578
2817,9,0,1,27.558216094970703,-27.558216094970703
2818,5,0,1,23.508705139160156,-23.508705139160156
2819,1,0,1,25.273500442504883,-25.273500442504883
2820,6,0,1,27.10395622253418,-27.10395622253418
2821,0,0,1,28.190898895263672,-28.190898895263672
2822,3,0,1,27.931476593017578,-27.931476593017578
2823,3,0,1,33.846458435058594,-33.846458435058594
2824,7,0,1,30.58437156677246,-30.58437156677246
2825,2,1,0,32.989009857177734,-32.989009857177734
2826,4,0,1,33.99432373046875,-33.99432373046875
2827,5,0,1,32.86346435546875,-32.86346435546875
2828,2,1,0,34.996917724609375,-34.996917724609375
2829,3,0,1,31.397815704345703,-31.397815704345703
2830,6,0,1,28.8361873626709,-28.8361873626709
2831,3,0,1,25.201335906982422,-25.201335906982422
2832,3,0,1,30.834625244140625,-30.834625244140625
2833,0,0,1,33.411556243896484,-33.411556243896484
2834,4,0,1,34.148681640625,-34.148681640625
2835,4,0,1,29.512042999267578,-29.512042999267578
2836,3,0,1,26.98851776123047,-26.98851776123047
2837,8,0,1,33.24321746826172,-33.24321746826172
2838,1,0,1,30.91986846923828,-30.91986846923828
2839,2,1,0,30.01451873779297,-30.01451873779297
2840,3,0,1,29.771730422973633,-29.771730422973633
2841,2,1,0,27.73250961303711,-27.73250961303711
2842,7,0,1,31.993385314941406,-31.993385314941406
2843,1,0,1,27.873580932617188,-27.873580932617188
2844,4,0,1,34.515296936035156,-34.515296936035156
2845,5,0,1,29.95391082763672,-29.95391082763672
2846,6,0,1,29.059391021728516,-29.059391021728516
2847,8,0,1,35.93617248535156,-35.93617248535156
2848,6,0,1,29.28505516052246,-29.28505516052246
2849,6,0,1,32.770362854003906,-32.770362854003906
2850,5,0,1,26.229347229003906,-26.229347229003906
2851,4,0,1,31.914955139160156,-31.914955139160156
2852,2,1,0,31.675537109375,-31.675537109375
2853,9,0,1,28.752811431884766,-28.752811431884766
2854,9,0,1,29.04784393310547,-29.04784393310547
2855,3,0,1,28.963062286376953,-28.963062286376953
2856,2,1,0,33.199806213378906,-33.199806213378906
2857,0,0,1,33.84251403808594,-33.84251403808594
2858,4,0,1,29.922103881835938,-29.922103881835938
2859,1,0,1,27.955650329589844,-27.955650329589844
2860,5,0,1,32.85465621948242,-32.85465621948242
2861,5,0,1,27.79593276977539,-27.79593276977539
2862,6,0,1,28.182880401611328,-28.182880401611328
2863,6,0,1,26.00054168701172,-26.00054168701172
2864,5,0,1,29.771259307861328,-29.771259307861328
2865,6,0,1,26.973539352416992,-26.973539352416992
2866,9,0,1,27.741886138916016,-27.741886138916016
2867,7,0,1,30.687969207763672,-30.687969207763672
2868,9,0,1,31.16946792602539,-31.16946792602539
2869,4,0,1,32.58448791503906,-32.58448791503906
2870,8,0,1,29.80156135559082,-29.80156135559082
2871,3,0,1,30.576448440551758,-30.576448440551758
2872,1,0,1,27.58863639831543,-27.58863639831543
2873,9,0,1,29.23139190673828,-29.23139190673828
2874,8,0,1,32.61281967163086,-32.61281967163086
2875,1,0,1,29.01432991027832,-29.01432991027832
2876,9,0,1,28.41301918029785,-28.41301918029785
2877,0,0,1,28.949003219604492,-28.949003219604492
2878,3,0,1,34.498924255371094,-34.498924255371094
2879,0,0,1,32.854949951171875,-32.854949951171875
2880,4,0,1,32.9271240234375,-32.9271240234375
2881,7,0,1,31.022506713867188,-31.022506713867188
2882,7,0,1,30.942977905273438,-30.942977905273438
2883,2,1,0,35.62269592285156,-35.62269592285156
2884,6,0,1,30.00952911376953,-30.00952911376953
2885,5,0,1,26.59691619873047,-26.59691619873047
2886,6,0,1,26.110097885131836,-26.110097885131836
2887,9,0,1,28.070716857910156,-28.070716857910156
2888,7,0,1,29.64486312866211,-29.64486312866211
2889,7,0,1,33.479801177978516,-33.479801177978516
2890,5,0,1,28.544065475463867,-28.544065475463867
2891,7,0,1,28.917423248291016,-28.917423248291016
2892,0,0,1,25.46126937866211,-25.46126937866211
2893,8,0,1,32.232933044433594,-32.232933044433594
2894,6,0,1,27.082469940185547,-27.082469940185547
2895,7,0,1,29.359813690185547,-29.359813690185547
2896,8,0,1,26.142866134643555,-26.142866134643555
2897,3,0,1,29.114736557006836,-29.114736557006836
2898,8,0,1,25.72822380065918,-25.72822380065918
2899,9,0,1,28.83194351196289,-28.83194351196289
2900,3,0,1,29.167739868164062,-29.167739868164062
2901,2,1,0,27.552867889404297,-27.552867889404297
2902,9,0,1,28.827241897583008,-28.827241897583008
2903,2,1,0,31.126279830932617,-31.126279830932617
2904,7,0,1,31.12355613708496,-31.12355613708496
2905,4,0,1,33.4329948425293,-33.4329948425293
2906,1,0,1,29.651418685913086,-29.651418685913086
2907,9,0,1,30.55571174621582,-30.55571174621582
2908,7,0,1,27.15843391418457,-27.15843391418457
2909,0,0,1,32.266578674316406,-32.266578674316406
2910,8,0,1,30.969654083251953,-30.969654083251953
2911,1,0,1,27.425537109375,-27.425537109375
2912,2,1,0,28.612438201904297,-28.612438201904297
2913,0,0,1,33.53380584716797,-33.53380584716797
2914,6,0,1,23.81821060180664,-23.81821060180664
2915,5,0,1,28.401031494140625,-28.401031494140625
2916,1,0,1,29.10561752319336,-29.10561752319336
2917,4,0,1,32.962982177734375,-32.962982177734375
2918,2,1,0,37.863216400146484,-37.863216400146484
2919,8,0,1,31.644287109375,-31.644287109375
2920,2,1,0,29.598087310791016,-29.598087310791016
2921,8,0,1,30.76251220703125,-30.76251220703125
2922,3,0,1,29.57912254333496,-29.57912254333496
2923,3,0,1,28.566478729248047,-28.566478729248047
2924,1,0,1,30.197998046875,-30.197998046875
2925,4,0,1,29.135875701904297,-29.135875701904297
2926,9,0,1,29.06386947631836,-29.06386947631836
2927,8,0,1,27.262744903564453,-27.262744903564453
2928,1,0,1,27.174226760864258,-27.174226760864258
2929,1,0,1,24.214542388916016,-24.214542388916016
2930,7,0,1,27.31270980834961,-27.31270980834961
2931,9,0,1,24.022886276245117,-24.022886276245117
2932,9,0,1,25.202882766723633,-25.202882766723633
2933,4,0,1,34.3754768371582,-34.3754768371582
2934,6,0,1,28.106657028198242,-28.106657028198242
2935,8,0,1,32.551605224609375,-32.551605224609375
2936,5,0,1,27.868383407592773,-27.868383407592773
2937,3,0,1,32.647987365722656,-32.647987365722656
2938,2,1,0,36.3587646484375,-36.3587646484375
2939,2,1,0,34.038692474365234,-34.038692474365234
2940,3,0,1,27.722091674804688,-27.722091674804688
2941,8,0,1,30.37726593017578,-30.37726593017578
2942,5,0,1,27.068374633789062,-27.068374633789062
2943,1,0,1,31.00273895263672,-31.00273895263672
2944,9,0,1,24.544662475585938,-24.544662475585938
2945,7,0,1,28.866512298583984,-28.866512298583984
2946,9,0,1,29.174062728881836,-29.174062728881836
2947,1,0,1,29.819799423217773,-29.819799423217773
2948,5,0,1,27.395259857177734,-27.395259857177734
2949,3,0,1,30.644195556640625,-30.644195556640625
2950,1,0,1,29.75657081604004,-29.75657081604004
2951,0,0,1,25.415180206298828,-25.415180206298828
2952,3,0,1,33.252037048339844,-33.252037048339844
2953,8,0,1,32.63449478149414,-32.63449478149414
2954,9,0,1,29.02617645263672,-29.02617645263672
2955,2,1,0,31.664880752563477,-31.664880752563477
2956,0,0,1,35.09943389892578,-35.09943389892578
2957,8,0,1,31.038009643554688,-31.038009643554688
2958,0,0,1,32.820091247558594,-32.820091247558594
2959,7,0,1,28.660053253173828,-28.660053253173828
2960,9,0,1,29.69046401977539,-29.69046401977539
2961,4,0,1,33.587581634521484,-33.587581634521484
2962,8,0,1,30.954593658447266,-30.954593658447266
2963,3,0,1,26.461729049682617,-26.461729049682617
2964,0,0,1,25.997591018676758,-25.997591018676758
2965,7,0,1,28.358884811401367,-28.358884811401367
2966,0,0,1,30.171546936035156,-30.171546936035156
2967,7,0,1,30.56517791748047,-30.56517791748047
2968,0,0,1,28.087350845336914,-28.087350845336914
2969,5,0,1,32.887428283691406,-32.887428283691406
2970,5,0,1,32.12847900390625,-32.12847900390625
2971,4,0,1,28.98946762084961,-28.98946762084961
2972,3,0,1,33.16450881958008,-33.16450881958008
2973,0,0,1,34.098899841308594,-34.098899841308594
2974,9,0,1,24.52223777770996,-24.52223777770996
2975,9,0,1,31.405908584594727,-31.405908584594727
2976,0,0,1,29.711198806762695,-29.711198806762695
2977,2,1,0,32.91946792602539,-32.91946792602539
2978,2,1,0,24.220191955566406,-24.220191955566406
2979,0,0,1,32.43263626098633,-32.43263626098633
2980,8,0,1,30.40272331237793,-30.40272331237793
2981,4,0,1,31.088918685913086,-31.088918685913086
2982,4,0,1,27.791255950927734,-27.791255950927734
2983,5,0,1,29.220369338989258,-29.220369338989258
2984,2,1,0,32.63383102416992,-32.63383102416992
2985,2,1,0,28.44301986694336,-28.44301986694336
2986,1,0,1,29.837451934814453,-29.837451934814453
2987,1,0,1,25.419870376586914,-25.419870376586914
2988,5,0,1,27.028841018676758,-27.028841018676758
2989,5,0,1,31.289207458496094,-31.289207458496094
2990,4,0,1,32.16379928588867,-32.16379928588867
2991,3,0,1,31.480924606323242,-31.480924606323242
2992,4,0,1,31.32990264892578,-31.32990264892578
2993,0,0,1,31.0855712890625,-31.0855712890625
2994,8,0,1,31.828670501708984,-31.828670501708984
2995,4,0,1,37.06368637084961,-37.06368637084961
2996,8,0,1,30.523162841796875,-30.523162841796875
2997,2,1,0,30.79045867919922,-30.79045867919922
2998,5,0,1,30.210960388183594,-30.210960388183594
2999,6,0,1,28.346574783325195,-28.346574783325195
3000,5,0,1,31.835338592529297,-31.835338592529297
3001,1,0,1,23.80541229248047,-23.80541229248047
3002,7,0,1,26.99774169921875,-26.99774169921875
3003,2,1,0,28.904767990112305,-28.904767990112305
3004,4,0,1,31.977386474609375,-31.977386474609375
3005,0,0,1,31.56174087524414,-31.56174087524414
3006,5,0,1,32.57142639160156,-32.57142639160156
3007,6,0,1,21.70344352722168,-21.70344352722168
3008,8,0,1,26.920425415039062,-26.920425415039062
3009,7,0,1,32.530792236328125,-32.530792236328125
3010,6,0,1,29.795730590820312,-29.795730590820312
3011,3,0,1,30.120147705078125,-30.120147705078125
3012,1,0,1,28.26072883605957,-28.26072883605957
3013,3,0,1,29.97986602783203,-29.97986602783203
3014,6,0,1,30.537315368652344,-30.537315368652344
3015,6,0,1,25.644752502441406,-25.644752502441406
3016,4,0,1,30.726181030273438,-30.726181030273438
3017,5,0,1,26.927988052368164,-26.927988052368164
3018,5,0,1,33.89177322387695,-33.89177322387695
3019,5,0,1,27.439319610595703,-27.439319610595703
3020,1,0,1,26.910858154296875,-26.910858154296875
3021,8,0,1,29.040124893188477,-29.040124893188477
3022,7,0,1,30.965049743652344,-30.965049743652344
3023,3,0,1,33.8071174621582,-33.8071174621582
3024,0,0,1,29.62009048461914,-29.62009048461914
3025,2,1,0,27.550783157348633,-27.550783157348633
3026,5,0,1,30.686695098876953,-30.686695098876953
3027,1,0,1,27.866893768310547,-27.866893768310547
3028,1,0,1,29.35392951965332,-29.35392951965332
3029,1,0,1,26.56682586669922,-26.56682586669922
3030,6,0,1,29.116397857666016,-29.116397857666016
3031,7,0,1,28.840839385986328,-28.840839385986328
3032,2,1,0,25.478879928588867,-25.478879928588867
3033,1,0,1,26.48126983642578,-26.48126983642578
3034,2,1,0,35.83443832397461,-35.83443832397461
3035,3,0,1,30.97200584411621,-30.97200584411621
3036,9,0,1,30.92827796936035,-30.92827796936035
3037,8,0,1,31.822900772094727,-31.822900772094727
3038,3,0,1,34.079158782958984,-34.079158782958984
3039,1,0,1,27.006343841552734,-27.006343841552734
3040,7,0,1,27.44615936279297,-27.44615936279297
3041,4,0,1,33.23944854736328,-33.23944854736328
3042,8,0,1,23.584083557128906,-23.584083557128906
3043,4,0,1,31.421545028686523,-31.421545028686523
3044,7,0,1,31.50537872314453,-31.50537872314453
3045,5,0,1,25.413650512695312,-25.413650512695312
3046,8,0,1,31.815366744995117,-31.815366744995117
3047,6,0,1,31.796106338500977,-31.796106338500977
3048,0,0,1,28.231708526611328,-28.231708526611328
3049,3,0,1,31.981033325195312,-31.981033325195312
3050,0,0,1,27.11450958251953,-27.11450958251953
3051,8,0,1,31.926965713500977,-31.926965713500977
3052,3,0,1,30.892345428466797,-30.892345428466797
3053,4,0,1,28.146406173706055,-28.146406173706055
3054,4,0,1,29.781190872192383,-29.781190872192383
3055,9,0,1,26.08266830444336,-26.08266830444336
3056,4,0,1,28.502887725830078,-28.502887725830078
3057,6,0,1,25.33982276916504,-25.33982276916504
3058,1,0,1,24.113418579101562,-24.113418579101562
3059,5,0,1,31.37765121459961,-31.37765121459961
3060,7,0,1,31.110946655273438,-31.110946655273438
3061,7,0,1,30.338943481445312,-30.338943481445312
3062,9,0,1,30.481090545654297,-30.481090545654297
3063,0,0,1,31.980308532714844,-31.980308532714844
3064,1,0,1,27.698284149169922,-27.698284149169922
3065,3,0,1,29.411224365234375,-29.411224365234375
3066,1,0,1,28.193668365478516,-28.193668365478516
3067,3,0,1,29.34280014038086,-29.34280014038086
3068,2,1,0,34.96865463256836,-34.96865463256836
3069,4,0,1,30.565448760986328,-30.565448760986328
3070,0,0,1,33.883758544921875,-33.883758544921875
3071,7,0,1,25.84501075744629,-25.84501075744629
3072,8,0,1,27.546823501586914,-27.546823501586914
3073,3,0,1,27.46178436279297,-27.46178436279297
3074,1,0,1,19.267433166503906,-19.267433166503906
3075,6,0,1,31.600168228149414,-31.600168228149414
3076,2,1,0,32.315101623535156,-32.315101623535156
3077,1,0,1,27.268840789794922,-27.268840789794922
3078,8,0,1,33.430259704589844,-33.430259704589844
3079,8,0,1,28.655075073242188,-28.655075073242188
3080,1,0,1,27.67896270751953,-27.67896270751953
3081,9,0,1,28.432048797607422,-28.432048797607422
3082,7,0,1,30.307266235351562,-30.307266235351562
3083,5,0,1,30.623241424560547,-30.623241424560547
3084,3,0,1,33.1097526550293,-33.1097526550293
3085,2,1,0,28.410015106201172,-28.410015106201172
3086,9,0,1,28.054882049560547,-28.054882049560547
3087,0,0,1,25.541610717773438,-25.541610717773438
3088,6,0,1,31.257640838623047,-31.257640838623047
3089,8,0,1,29.14279556274414,-29.14279556274414
3090,4,0,1,32.8133430480957,-32.8133430480957
3091,1,0,1,30.301584243774414,-30.301584243774414
3092,5,0,1,33.34225845336914,-33.34225845336914
3093,7,0,1,26.605512619018555,-26.605512619018555
3094,2,1,0,36.03879165649414,-36.03879165649414
3095,4,0,1,30.555896759033203,-30.555896759033203
3096,7,0,1,27.88835334777832,-27.88835334777832
3097,0,0,1,29.94432830810547,-29.94432830810547
3098,4,0,1,30.403831481933594,-30.403831481933594
3099,9,0,1,23.666114807128906,-23.666114807128906
3100,0,0,1,35.74363708496094,-35.74363708496094
3101,7,0,1,25.335983276367188,-25.335983276367188
3102,0,0,1,27.2689208984375,-27.2689208984375
3103,6,0,1,24.9945125579834,-24.9945125579834
3104,7,0,1,28.78622055053711,-28.78622055053711
3105,1,0,1,31.044361114501953,-31.044361114501953
3106,8,0,1,32.65917205810547,-32.65917205810547
3107,5,0,1,31.754003524780273,-31.754003524780273
3108,8,0,1,37.322296142578125,-37.322296142578125
3109,8,0,1,32.35521697998047,-32.35521697998047
3110,7,0,1,32.854515075683594,-32.854515075683594
3111,0,0,1,34.38709259033203,-34.38709259033203
3112,0,0,1,27.310009002685547,-27.310009002685547
3113,3,0,1,31.203067779541016,-31.203067779541016
3114,2,1,0,33.47529983520508,-33.47529983520508
3115,5,0,1,31.795394897460938,-31.795394897460938
3116,7,0,1,26.770435333251953,-26.770435333251953
3117,0,0,1,28.112993240356445,-28.112993240356445
3118,6,0,1,27.860776901245117,-27.860776901245117
3119,4,0,1,29.757442474365234,-29.757442474365234
3120,4,0,1,33.20592498779297,-33.20592498779297
3121,9,0,1,28.505081176757812,-28.505081176757812
3122,1,0,1,30.014646530151367,-30.014646530151367
3123,8,0,1,32.15119171142578,-32.15119171142578
3124,6,0,1,27.0548038482666,-27.0548038482666
3125,3,0,1,29.814395904541016,-29.814395904541016
3126,9,0,1,24.24300765991211,-24.24300765991211
3127,4,0,1,33.11216735839844,-33.11216735839844
3128,9,0,1,20.319387435913086,-20.319387435913086
3129,3,0,1,31.73436737060547,-31.73436737060547
3130,3,0,1,24.201738357543945,-24.201738357543945
3131,7,0,1,30.60260009765625,-30.60260009765625
3132,5,0,1,30.78264045715332,-30.78264045715332
3133,9,0,1,27.496349334716797,-27.496349334716797
3134,7,0,1,26.270233154296875,-26.270233154296875
3135,7,0,1,28.718759536743164,-28.718759536743164
3136,4,0,1,32.865909576416016,-32.865909576416016
3137,5,0,1,29.765975952148438,-29.765975952148438
3138,8,0,1,27.555057525634766,-27.555057525634766
3139,2,1,0,29.698652267456055,-29.698652267456055
3140,8,0,1,33.818111419677734,-33.818111419677734
3141,9,0,1,27.393688201904297,-27.393688201904297
3142,5,0,1,26.242759704589844,-26.242759704589844
3143,3,0,1,31.83612823486328,-31.83612823486328
3144,1,0,1,22.27987289428711,-22.27987289428711
3145,9,0,1,29.10488510131836,-29.10488510131836
3146,2,1,0,33.851165771484375,-33.851165771484375
3147,2,1,0,34.200557708740234,-34.200557708740234
3148,0,0,1,33.03247833251953,-33.03247833251953
3149,1,0,1,29.2353515625,-29.2353515625
3150,1,0,1,25.351850509643555,-25.351850509643555
3151,8,0,1,27.042919158935547,-27.042919158935547
3152,1,0,1,27.490095138549805,-27.490095138549805
3153,1,0,1,24.674911499023438,-24.674911499023438
3154,9,0,1,30.046627044677734,-30.046627044677734
3155,8,0,1,35.0843505859375,-35.0843505859375
3156,9,0,1,25.736635208129883,-25.736635208129883
3157,9,0,1,25.25384521484375,-25.25384521484375
3158,0,0,1,27.236228942871094,-27.236228942871094
3159,2,1,0,32.14693832397461,-32.14693832397461
3160,6,0,1,31.689891815185547,-31.689891815185547
3161,9,0,1,28.222761154174805,-28.222761154174805
3162,1,0,1,25.08966064453125,-25.08966064453125
3163,9,0,1,27.699607849121094,-27.699607849121094
3164,0,0,1,33.810829162597656,-33.810829162597656
3165,1,0,1,27.46025848388672,-27.46025848388672
3166,9,0,1,28.898571014404297,-28.898571014404297
3167,2,1,0,28.681907653808594,-28.681907653808594
3168,9,0,1,31.331100463867188,-31.331100463867188
3169,9,0,1,33.98169708251953,-33.98169708251953
3170,9,0,1,22.456878662109375,-22.456878662109375
3171,0,0,1,26.950695037841797,-26.950695037841797
3172,9,0,1,29.55716323852539,-29.55716323852539
3173,9,0,1,19.815845489501953,-19.815845489501953
3174,2,1,0,31.86180305480957,-31.86180305480957
3175,1,0,1,27.011369705200195,-27.011369705200195
3176,7,0,1,26.067794799804688,-26.067794799804688
3177,0,0,1,29.849842071533203,-29.849842071533203
3178,5,0,1,30.256267547607422,-30.256267547607422
3179,6,0,1,31.79119110107422,-31.79119110107422
3180,3,0,1,27.80610466003418,-27.80610466003418
3181,9,0,1,29.726459503173828,-29.726459503173828
3182,8,0,1,29.730213165283203,-29.730213165283203
3183,3,0,1,31.233354568481445,-31.233354568481445
3184,0,0,1,32.25222396850586,-32.25222396850586
3185,2,1,0,25.757944107055664,-25.757944107055664
3186,7,0,1,31.080198287963867,-31.080198287963867
3187,7,0,1,28.216480255126953,-28.216480255126953
3188,4,0,1,24.100528717041016,-24.100528717041016
3189,8,0,1,32.95180892944336,-32.95180892944336
3190,3,0,1,26.9238338470459,-26.9238338470459
3191,0,0,1,31.921037673950195,-31.921037673950195
3192,5,0,1,32.54186248779297,-32.54186248779297
3193,2,1,0,33.83108139038086,-33.83108139038086
3194,3,0,1,33.78662109375,-33.78662109375
3195,5,0,1,36.10301971435547,-36.10301971435547
3196,7,0,1,30.232494354248047,-30.232494354248047
3197,6,0,1,28.403833389282227,-28.403833389282227
3198,6,0,1,18.07891845703125,-18.07891845703125
3199,6,0,1,30.1541690826416,-30.1541690826416
3200,5,0,1,31.42540168762207,-31.42540168762207
3201,6,0,1,30.434326171875,-30.434326171875
3202,5,0,1,31.59252166748047,-31.59252166748047
3203,4,0,1,31.19578742980957,-31.19578742980957
3204,5,0,1,27.395103454589844,-27.395103454589844
3205,8,0,1,33.02617263793945,-33.02617263793945
3206,8,0,1,28.861217498779297,-28.861217498779297
3207,0,0,1,25.141342163085938,-25.141342163085938
3208,9,0,1,26.25003433227539,-26.25003433227539
3209,7,0,1,26.34250259399414,-26.34250259399414
3210,9,0,1,27.387876510620117,-27.387876510620117
3211,0,0,1,27.263187408447266,-27.263187408447266
3212,6,0,1,28.844125747680664,-28.844125747680664
3213,9,0,1,23.084152221679688,-23.084152221679688
3214,6,0,1,32.860599517822266,-32.860599517822266
3215,1,0,1,24.54656982421875,-24.54656982421875
3216,4,0,1,28.12763214111328,-28.12763214111328
3217,7,0,1,26.710407257080078,-26.710407257080078
3218,9,0,1,28.751625061035156,-28.751625061035156
3219,0,0,1,24.111886978149414,-24.111886978149414
3220,3,0,1,29.088340759277344,-29.088340759277344
3221,5,0,1,27.806148529052734,-27.806148529052734
3222,4,0,1,28.753013610839844,-28.753013610839844
3223,7,0,1,26.812349319458008,-26.812349319458008
3224,6,0,1,29.822439193725586,-29.822439193725586
3225,9,0,1,25.802772521972656,-25.802772521972656
3226,8,0,1,31.188751220703125,-31.188751220703125
3227,2,1,0,31.99752426147461,-31.99752426147461
3228,3,0,1,31.746919631958008,-31.746919631958008
3229,9,0,1,32.47603988647461,-32.47603988647461
3230,3,0,1,33.28453826904297,-33.28453826904297
3231,3,0,1,31.932231903076172,-31.932231903076172
3232,7,0,1,28.83534812927246,-28.83534812927246
3233,8,0,1,33.29266357421875,-33.29266357421875
3234,3,0,1,29.624046325683594,-29.624046325683594
3235,5,0,1,32.97101593017578,-32.97101593017578
3236,5,0,1,29.35382080078125,-29.35382080078125
3237,9,0,1,24.313583374023438,-24.313583374023438
3238,6,0,1,26.225116729736328,-26.225116729736328
3239,1,0,1,26.374122619628906,-26.374122619628906
3240,4,0,1,26.218891143798828,-26.218891143798828
3241,7,0,1,31.64531707763672,-31.64531707763672
3242,4,0,1,30.896018981933594,-30.896018981933594
3243,8,0,1,31.808086395263672,-31.808086395263672
3244,7,0,1,28.051151275634766,-28.051151275634766
3245,7,0,1,32.066322326660156,-32.066322326660156
3246,1,0,1,32.676692962646484,-32.676692962646484
3247,3,0,1,29.447656631469727,-29.447656631469727
3248,0,0,1,34.08454895019531,-34.08454895019531
3249,3,0,1,30.688190460205078,-30.688190460205078
3250,2,1,0,31.846027374267578,-31.846027374267578
3251,5,0,1,29.674348831176758,-29.674348831176758
3252,4,0,1,32.3437614440918,-32.3437614440918
3253,9,0,1,30.957012176513672,-30.957012176513672
3254,3,0,1,28.081174850463867,-28.081174850463867
3255,5,0,1,29.12746238708496,-29.12746238708496
3256,4,0,1,32.20094299316406,-32.20094299316406
3257,7,0,1,24.87797737121582,-24.87797737121582
3258,0,0,1,27.299884796142578,-27.299884796142578
3259,3,0,1,28.16357421875,-28.16357421875
3260,7,0,1,29.34828758239746,-29.34828758239746
3261,0,0,1,28.032386779785156,-28.032386779785156
3262,2,1,0,27.590124130249023,-27.590124130249023
3263,1,0,1,28.919965744018555,-28.919965744018555
3264,5,0,1,31.33159637451172,-31.33159637451172
3265,8,0,1,34.05718231201172,-34.05718231201172
3266,7,0,1,27.095855712890625,-27.095855712890625
3267,3,0,1,28.724689483642578,-28.724689483642578
3268,5,0,1,30.172910690307617,-30.172910690307617
3269,7,0,1,29.131898880004883,-29.131898880004883
3270,8,0,1,30.755870819091797,-30.755870819091797
3271,5,0,1,34.39301681518555,-34.39301681518555
3272,7,0,1,32.2320671081543,-32.2320671081543
3273,8,0,1,30.950586318969727,-30.950586318969727
3274,1,0,1,23.464075088500977,-23.464075088500977
3275,5,0,1,29.732023239135742,-29.732023239135742
3276,4,0,1,32.39484786987305,-32.39484786987305
3277,7,0,1,23.780654907226562,-23.780654907226562
3278,0,0,1,28.70116424560547,-28.70116424560547
3279,8,0,1,33.54426193237305,-33.54426193237305
3280,3,0,1,34.35842514038086,-34.35842514038086
3281,2,1,0,35.22749710083008,-35.22749710083008
3282,9,0,1,28.04367446899414,-28.04367446899414
3283,7,0,1,31.010713577270508,-31.010713577270508
3284,4,0,1,29.77983283996582,-29.77983283996582
3285,1,0,1,22.7202091217041,-22.7202091217041
3286,6,0,1,26.473533630371094,-26.473533630371094
3287,5,0,1,26.4615478515625,-26.4615478515625
3288,9,0,1,30.703392028808594,-30.703392028808594
3289,8,0,1,31.563583374023438,-31.563583374023438
3290,5,0,1,30.461894989013672,-30.461894989013672
3291,5,0,1,27.76349639892578,-27.76349639892578
3292,4,0,1,33.53390121459961,-33.53390121459961
3293,1,0,1,25.56044578552246,-25.56044578552246
3294,0,0,1,30.416858673095703,-30.416858673095703
3295,9,0,1,30.69582748413086,-30.69582748413086
3296,4,0,1,30.40068817138672,-30.40068817138672
3297,4,0,1,27.93207359313965,-27.93207359313965
3298,3,0,1,30.407543182373047,-30.407543182373047
3299,0,0,1,31.66043472290039,-31.66043472290039
3300,4,0,1,32.09223556518555,-32.09223556518555
3301,8,0,1,33.66510772705078,-33.66510772705078
3302,0,0,1,28.676513671875,-28.676513671875
3303,8,0,1,32.211978912353516,-32.211978912353516
3304,2,1,0,29.647533416748047,-29.647533416748047
3305,9,0,1,26.815799713134766,-26.815799713134766
3306,5,0,1,30.303665161132812,-30.303665161132812
3307,9,0,1,27.254192352294922,-27.254192352294922
3308,7,0,1,27.840431213378906,-27.840431213378906
3309,4,0,1,30.82513427734375,-30.82513427734375
3310,6,0,1,33.04749298095703,-33.04749298095703
3311,7,0,1,23.54132080078125,-23.54132080078125
3312,9,0,1,32.49711227416992,-32.49711227416992
3313,2,1,0,32.838199615478516,-32.838199615478516
3314,9,0,1,26.2345027923584,-26.2345027923584
3315,3,0,1,28.217330932617188,-28.217330932617188
3316,7,0,1,28.176666259765625,-28.176666259765625
3317,7,0,1,28.3671932220459,-28.3671932220459
3318,8,0,1,30.910282135009766,-30.910282135009766
3319,2,1,0,22.924457550048828,-22.924457550048828
3320,2,1,0,20.123823165893555,-20.123823165893555
3321,0,0,1,31.271324157714844,-31.271324157714844
3322,2,1,0,30.60224151611328,-30.60224151611328
3323,5,0,1,30.643447875976562,-30.643447875976562
3324,3,0,1,26.313570022583008,-26.313570022583008
3325,6,0,1,28.45152473449707,-28.45152473449707
3326,4,0,1,26.514612197875977,-26.514612197875977
3327,7,0,1,30.370346069335938,-30.370346069335938
3328,2,1,0,32.06291961669922,-32.06291961669922
3329,3,0,1,29.859376907348633,-29.859376907348633
3330,7,0,1,26.441770553588867,-26.441770553588867
3331,8,0,1,34.97263717651367,-34.97263717651367
3332,7,0,1,29.098804473876953,-29.098804473876953
3333,2,1,0,34.889434814453125,-34.889434814453125
3334,5,0,1,34.37326431274414,-34.37326431274414
3335,0,0,1,32.601593017578125,-32.601593017578125
3336,0,0,1,27.725669860839844,-27.725669860839844
3337,7,0,1,29.897703170776367,-29.897703170776367
3338,0,0,1,32.91792297363281,-32.91792297363281
3339,9,0,1,23.51348876953125,-23.51348876953125
3340,6,0,1,32.49535369873047,-32.49535369873047
3341,1,0,1,27.485595703125,-27.485595703125
3342,0,0,1,29.086793899536133,-29.086793899536133
3343,3,0,1,24.31914710998535,-24.31914710998535
3344,9,0,1,29.22977638244629,-29.22977638244629
3345,7,0,1,31.109888076782227,-31.109888076782227
3346,4,0,1,27.765880584716797,-27.765880584716797
3347,9,0,1,27.08319664001465,-27.08319664001465
3348,1,0,1,27.418548583984375,-27.418548583984375
3349,6,0,1,34.462059020996094,-34.462059020996094
3350,8,0,1,31.184123992919922,-31.184123992919922
3351,1,0,1,30.16846466064453,-30.16846466064453
3352,2,1,0,28.196043014526367,-28.196043014526367
3353,3,0,1,33.224998474121094,-33.224998474121094
3354,3,0,1,33.65972900390625,-33.65972900390625
3355,5,0,1,31.253904342651367,-31.253904342651367
3356,4,0,1,32.78667449951172,-32.78667449951172
3357,8,0,1,34.35894012451172,-34.35894012451172
3358,9,0,1,27.19964027404785,-27.19964027404785
3359,7,0,1,33.62803268432617,-33.62803268432617
3360,4,0,1,34.70018005371094,-34.70018005371094
3361,4,0,1,30.213865280151367,-30.213865280151367
3362,1,0,1,28.754615783691406,-28.754615783691406
3363,2,1,0,30.4376220703125,-30.4376220703125
3364,4,0,1,28.174789428710938,-28.174789428710938
3365,9,0,1,30.1557559967041,-30.1557559967041
3366,8,0,1,31.710952758789062,-31.710952758789062
3367,7,0,1,28.68312644958496,-28.68312644958496
3368,9,0,1,27.703744888305664,-27.703744888305664
3369,5,0,1,29.6235294342041,-29.6235294342041
3370,1,0,1,28.232181549072266,-28.232181549072266
3371,2,1,0,28.685436248779297,-28.685436248779297
3372,1,0,1,24.562767028808594,-24.562767028808594
3373,6,0,1,30.81374740600586,-30.81374740600586
3374,6,0,1,26.44130516052246,-26.44130516052246
3375,4,0,1,35.82158660888672,-35.82158660888672
3376,5,0,1,29.77480697631836,-29.77480697631836
3377,7,0,1,28.74761962890625,-28.74761962890625
3378,4,0,1,30.903305053710938,-30.903305053710938
3379,5,0,1,32.11420440673828,-32.11420440673828
3380,8,0,1,31.629364013671875,-31.629364013671875
3381,5,0,1,32.24714660644531,-32.24714660644531
3382,2,1,0,33.6146354675293,-33.6146354675293
3383,8,0,1,30.743526458740234,-30.743526458740234
3384,7,0,1,25.01530647277832,-25.01530647277832
3385,8,0,1,30.78679084777832,-30.78679084777832
3386,2,1,0,29.973657608032227,-29.973657608032227
3387,3,0,1,29.5845947265625,-29.5845947265625
3388,6,0,1,26.918598175048828,-26.918598175048828
3389,1,0,1,29.009798049926758,-29.009798049926758
3390,3,0,1,27.070636749267578,-27.070636749267578
3391,3,0,1,28.90421485900879,-28.90421485900879
3392,1,0,1,22.647661209106445,-22.647661209106445
3393,5,0,1,33.65784454345703,-33.65784454345703
3394,1,0,1,24.848941802978516,-24.848941802978516
3395,9,0,1,29.640283584594727,-29.640283584594727
3396,0,0,1,30.444068908691406,-30.444068908691406
3397,9,0,1,27.511234283447266,-27.511234283447266
3398,2,1,0,33.556129455566406,-33.556129455566406
3399,0,0,1,32.804107666015625,-32.804107666015625
3400,6,0,1,30.86768913269043,-30.86768913269043
3401,2,1,0,27.706998825073242,-27.706998825073242
3402,4,0,1,26.439638137817383,-26.439638137817383
3403,8,0,1,33.07197952270508,-33.07197952270508
3404,5,0,1,27.17906951904297,-27.17906951904297
3405,7,0,1,32.367069244384766,-32.367069244384766
3406,6,0,1,31.22738265991211,-31.22738265991211
3407,1,0,1,28.783153533935547,-28.783153533935547
3408,2,1,0,29.208707809448242,-29.208707809448242
3409,9,0,1,27.531803131103516,-27.531803131103516
3410,4,0,1,28.89241600036621,-28.89241600036621
3411,5,0,1,27.914152145385742,-27.914152145385742
3412,0,0,1,33.84599685668945,-33.84599685668945
3413,3,0,1,30.102800369262695,-30.102800369262695
3414,3,0,1,33.13264083862305,-33.13264083862305
3415,7,0,1,27.56598663330078,-27.56598663330078
3416,7,0,1,31.834548950195312,-31.834548950195312
3417,7,0,1,27.929546356201172,-27.929546356201172
3418,1,0,1,26.7379207611084,-26.7379207611084
3419,4,0,1,31.03923225402832,-31.03923225402832
3420,5,0,1,31.156566619873047,-31.156566619873047
3421,0,0,1,31.95093536376953,-31.95093536376953
3422,2,1,0,29.967443466186523,-29.967443466186523
3423,8,0,1,35.739192962646484,-35.739192962646484
3424,5,0,1,29.8826847076416,-29.8826847076416
3425,0,0,1,32.39961624145508,-32.39961624145508
3426,0,0,1,29.14012908935547,-29.14012908935547
3427,6,0,1,28.098106384277344,-28.098106384277344
3428,2,1,0,27.63324737548828,-27.63324737548828
3429,0,0,1,34.25547409057617,-34.25547409057617
3430,8,0,1,26.602031707763672,-26.602031707763672
3431,4,0,1,31.75147247314453,-31.75147247314453
3432,5,0,1,30.674131393432617,-30.674131393432617
3433,4,0,1,31.807376861572266,-31.807376861572266
3434,5,0,1,24.220687866210938,-24.220687866210938
3435,6,0,1,30.005590438842773,-30.005590438842773
3436,4,0,1,32.437583923339844,-32.437583923339844
3437,7,0,1,29.979642868041992,-29.979642868041992
3438,9,0,1,24.258663177490234,-24.258663177490234
3439,4,0,1,29.65576171875,-29.65576171875
3440,2,1,0,31.859386444091797,-31.859386444091797
3441,0,0,1,28.155786514282227,-28.155786514282227
3442,6,0,1,29.70056915283203,-29.70056915283203
3443,4,0,1,34.18169403076172,-34.18169403076172
3444,0,0,1,33.02277374267578,-33.02277374267578
3445,0,0,1,31.05010223388672,-31.05010223388672
3446,6,0,1,24.332275390625,-24.332275390625
3447,4,0,1,34.38380432128906,-34.38380432128906
3448,6,0,1,31.198637008666992,-31.198637008666992
3449,1,0,1,26.492929458618164,-26.492929458618164
3450,9,0,1,28.931304931640625,-28.931304931640625
3451,5,0,1,36.51783752441406,-36.51783752441406
3452,5,0,1,35.36489486694336,-35.36489486694336
3453,2,1,0,32.61333465576172,-32.61333465576172
3454,2,1,0,29.395227432250977,-29.395227432250977
3455,6,0,1,28.988292694091797,-28.988292694091797
3456,3,0,1,31.709117889404297,-31.709117889404297
3457,4,0,1,32.843414306640625,-32.843414306640625
3458,5,0,1,33.141639709472656,-33.141639709472656
3459,9,0,1,26.29779815673828,-26.29779815673828
3460,1,0,1,27.406368255615234,-27.406368255615234
3461,7,0,1,28.220422744750977,-28.220422744750977
3462,2,1,0,32.29792404174805,-32.29792404174805
3463,3,0,1,28.75148582458496,-28.75148582458496
3464,9,0,1,29.14508056640625,-29.14508056640625
3465,6,0,1,29.072528839111328,-29.072528839111328
3466,5,0,1,30.065916061401367,-30.065916061401367
3467,0,0,1,30.411518096923828,-30.411518096923828
3468,2,1,0,33.149471282958984,-33.149471282958984
3469,9,0,1,30.1395320892334,-30.1395320892334
3470,7,0,1,32.50661087036133,-32.50661087036133
3471,1,0,1,26.60488510131836,-26.60488510131836
3472,7,0,1,23.673202514648438,-23.673202514648438
3473,2,1,0,32.90174865722656,-32.90174865722656
3474,2,1,0,29.14254379272461,-29.14254379272461
3475,0,0,1,37.291465759277344,-37.291465759277344
3476,8,0,1,32.129920959472656,-32.129920959472656
3477,6,0,1,31.313644409179688,-31.313644409179688
3478,4,0,1,29.692914962768555,-29.692914962768555
3479,3,0,1,32.63346862792969,-32.63346862792969
3480,2,1,0,33.8170166015625,-33.8170166015625
3481,7,0,1,34.34192657470703,-34.34192657470703
3482,7,0,1,29.944711685180664,-29.944711685180664
3483,0,0,1,31.275827407836914,-31.275827407836914
3484,4,0,1,31.374013900756836,-31.374013900756836
3485,1,0,1,22.13777732849121,-22.13777732849121
3486,6,0,1,29.68364715576172,-29.68364715576172
3487,5,0,1,28.383464813232422,-28.383464813232422
3488,1,0,1,25.456188201904297,-25.456188201904297
3489,3,0,1,27.500484466552734,-27.500484466552734
3490,0,0,1,32.831851959228516,-32.831851959228516
3491,3,0,1,31.88178062438965,-31.88178062438965
3492,9,0,1,24.78446388244629,-24.78446388244629
3493,0,0,1,35.18522644042969,-35.18522644042969
3494,0,0,1,29.07561683654785,-29.07561683654785
3495,2,1,0,29.661073684692383,-29.661073684692383
3496,5,0,1,30.220705032348633,-30.220705032348633
3497,0,0,1,31.336597442626953,-31.336597442626953
3498,4,0,1,28.946048736572266,-28.946048736572266
3499,0,0,1,32.875885009765625,-32.875885009765625
3500,1,0,1,25.896934509277344,-25.896934509277344
3501,9,0,1,27.928119659423828,-27.928119659423828
3502,8,0,1,32.93190383911133,-32.93190383911133
3503,4,0,1,34.71272277832031,-34.71272277832031
3504,9,0,1,28.040237426757812,-28.040237426757812
3505,4,0,1,29.056577682495117,-29.056577682495117
3506,2,1,0,27.950231552124023,-27.950231552124023
3507,4,0,1,30.643991470336914,-30.643991470336914
3508,3,0,1,30.33321189880371,-30.33321189880371
3509,3,0,1,28.001663208007812,-28.001663208007812
3510,4,0,1,33.609283447265625,-33.609283447265625
3511,0,0,1,29.732463836669922,-29.732463836669922
3512,4,0,1,32.58297348022461,-32.58297348022461
3513,3,0,1,25.801513671875,-25.801513671875
3514,2,1,0,29.249216079711914,-29.249216079711914
3515,8,0,1,29.918991088867188,-29.918991088867188
3516,9,0,1,23.875232696533203,-23.875232696533203
3517,1,0,1,23.845417022705078,-23.845417022705078
3518,5,0,1,29.379558563232422,-29.379558563232422
3519,8,0,1,35.08134460449219,-35.08134460449219
3520,1,0,1,25.64262580871582,-25.64262580871582
3521,8,0,1,36.268165588378906,-36.268165588378906
3522,2,1,0,30.528339385986328,-30.528339385986328
3523,4,0,1,29.796953201293945,-29.796953201293945
3524,5,0,1,33.70708465576172,-33.70708465576172
3525,2,1,0,30.85811996459961,-30.85811996459961
3526,4,0,1,29.565753936767578,-29.565753936767578
3527,1,0,1,26.442731857299805,-26.442731857299805
3528,1,0,1,28.981849670410156,-28.981849670410156
3529,6,0,1,28.304611206054688,-28.304611206054688
3530,6,0,1,22.922042846679688,-22.922042846679688
3531,8,0,1,28.15753936767578,-28.15753936767578
3532,5,0,1,27.34578514099121,-27.34578514099121
3533,2,1,0,36.45233154296875,-36.45233154296875
3534,2,1,0,34.50870132446289,-34.50870132446289
3535,5,0,1,34.396461486816406,-34.396461486816406
3536,0,0,1,31.716529846191406,-31.716529846191406
3537,8,0,1,31.54213523864746,-31.54213523864746
3538,2,1,0,35.7495002746582,-35.7495002746582
3539,3,0,1,28.363676071166992,-28.363676071166992
3540,6,0,1,28.725433349609375,-28.725433349609375
3541,2,1,0,28.278987884521484,-28.278987884521484
3542,9,0,1,26.419187545776367,-26.419187545776367
3543,6,0,1,27.22210693359375,-27.22210693359375
3544,1,0,1,24.852754592895508,-24.852754592895508
3545,4,0,1,32.741172790527344,-32.741172790527344
3546,5,0,1,30.014415740966797,-30.014415740966797
3547,9,0,1,26.57245445251465,-26.57245445251465
3548,0,0,1,31.553165435791016,-31.553165435791016
3549,1,0,1,29.170713424682617,-29.170713424682617
3550,0,0,1,33.716522216796875,-33.716522216796875
3551,0,0,1,29.503700256347656,-29.503700256347656
3552,8,0,1,30.935476303100586,-30.935476303100586
3553,1,0,1,25.725584030151367,-25.725584030151367
3554,1,0,1,27.98219108581543,-27.98219108581543
3555,6,0,1,34.5148811340332,-34.5148811340332
3556,6,0,1,30.07753562927246,-30.07753562927246
3557,9,0,1,25.846708297729492,-25.846708297729492
3558,5,0,1,27.998844146728516,-27.998844146728516
3559,4,0,1,33.618656158447266,-33.618656158447266
3560,1,0,1,25.888103485107422,-25.888103485107422
3561,7,0,1,30.769489288330078,-30.769489288330078
3562,8,0,1,27.058914184570312,-27.058914184570312
3563,6,0,1,31.00202178955078,-31.00202178955078
3564,9,0,1,29.721601486206055,-29.721601486206055
3565,1,0,1,28.249732971191406,-28.249732971191406
3566,7,0,1,30.904659271240234,-30.904659271240234
3567,6,0,1,25.55176544189453,-25.55176544189453
3568,0,0,1,29.77822494506836,-29.77822494506836
3569,9,0,1,27.575971603393555,-27.575971603393555
3570,3,0,1,28.977506637573242,-28.977506637573242
3571,5,0,1,29.68223762512207,-29.68223762512207
3572,3,0,1,31.75338363647461,-31.75338363647461
3573,2,1,0,32.062049865722656,-32.062049865722656
3574,5,0,1,33.491607666015625,-33.491607666015625
3575,3,0,1,30.86076545715332,-30.86076545715332
3576,4,0,1,28.16250991821289,-28.16250991821289
3577,9,0,1,27.029098510742188,-27.029098510742188
3578,7,0,1,30.101226806640625,-30.101226806640625
3579,1,0,1,27.399456024169922,-27.399456024169922
3580,4,0,1,31.644432067871094,-31.644432067871094
3581,4,0,1,33.22747039794922,-33.22747039794922
3582,6,0,1,28.266006469726562,-28.266006469726562
3583,1,0,1,26.79884147644043,-26.79884147644043
3584,3,0,1,31.345048904418945,-31.345048904418945
3585,8,0,1,30.716259002685547,-30.716259002685547
3586,8,0,1,31.866256713867188,-31.866256713867188
3587,0,0,1,23.69451141357422,-23.69451141357422
3588,6,0,1,31.776708602905273,-31.776708602905273
3589,7,0,1,31.013120651245117,-31.013120651245117
3590,7,0,1,28.503610610961914,-28.503610610961914
3591,6,0,1,26.30634307861328,-26.30634307861328
3592,7,0,1,30.17633056640625,-30.17633056640625
3593,2,1,0,33.97606658935547,-33.97606658935547
3594,3,0,1,25.607728958129883,-25.607728958129883
3595,2,1,0,31.54778289794922,-31.54778289794922
3596,2,1,0,33.161048889160156,-33.161048889160156
3597,6,0,1,28.742881774902344,-28.742881774902344
3598,2,1,0,29.718708038330078,-29.718708038330078
3599,7,0,1,30.451385498046875,-30.451385498046875
3600,4,0,1,29.62680435180664,-29.62680435180664
3601,0,0,1,27.363107681274414,-27.363107681274414
3602,3,0,1,28.265705108642578,-28.265705108642578
3603,6,0,1,25.984752655029297,-25.984752655029297
3604,2,1,0,29.23728370666504,-29.23728370666504
3605,6,0,1,33.27208709716797,-33.27208709716797
3606,3,0,1,31.784093856811523,-31.784093856811523
3607,3,0,1,31.857067108154297,-31.857067108154297
3608,0,0,1,28.382118225097656,-28.382118225097656
3609,9,0,1,26.111778259277344,-26.111778259277344
3610,5,0,1,29.2169246673584,-29.2169246673584
3611,1,0,1,23.5787353515625,-23.5787353515625
3612,1,0,1,29.866138458251953,-29.866138458251953
3613,5,0,1,30.35357093811035,-30.35357093811035
3614,3,0,1,31.48733901977539,-31.48733901977539
3615,6,0,1,30.659971237182617,-30.659971237182617
3616,4,0,1,34.3326301574707,-34.3326301574707
3617,3,0,1,31.64249610900879,-31.64249610900879
3618,4,0,1,26.535999298095703,-26.535999298095703
3619,1,0,1,28.82115936279297,-28.82115936279297
3620,0,0,1,30.565189361572266,-30.565189361572266
3621,4,0,1,29.407489776611328,-29.407489776611328
3622,5,0,1,29.715742111206055,-29.715742111206055
3623,5,0,1,31.222522735595703,-31.222522735595703
3624,2,1,0,32.33149719238281,-32.33149719238281
3625,8,0,1,32.39340591430664,-32.39340591430664
3626,9,0,1,28.57986068725586,-28.57986068725586
3627,4,0,1,31.165576934814453,-31.165576934814453
3628,3,0,1,29.838926315307617,-29.838926315307617
3629,1,0,1,23.98236656188965,-23.98236656188965
3630,8,0,1,35.25029754638672,-35.25029754638672
3631,0,0,1,27.621278762817383,-27.621278762817383
3632,1,0,1,26.12529754638672,-26.12529754638672
3633,3,0,1,31.788389205932617,-31.788389205932617
3634,3,0,1,30.13370704650879,-30.13370704650879
3635,4,0,1,31.857685089111328,-31.857685089111328
3636,4,0,1,33.313533782958984,-33.313533782958984
3637,2,1,0,32.72078323364258,-32.72078323364258
3638,9,0,1,22.728151321411133,-22.728151321411133
3639,7,0,1,27.665496826171875,-27.665496826171875
3640,6,0,1,35.73841094970703,-35.73841094970703
3641,8,0,1,30.746950149536133,-30.746950149536133
3642,1,0,1,29.21458625793457,-29.21458625793457
3643,8,0,1,29.936954498291016,-29.936954498291016
3644,9,0,1,26.588764190673828,-26.588764190673828
3645,1,0,1,26.85063362121582,-26.85063362121582
3646,3,0,1,30.730392456054688,-30.730392456054688
3647,1,0,1,26.521358489990234,-26.521358489990234
3648,7,0,1,34.262901306152344,-34.262901306152344
3649,3,0,1,32.57464599609375,-32.57464599609375
3650,0,0,1,30.09978675842285,-30.09978675842285
3651,0,0,1,29.01143455505371,-29.01143455505371
3652,2,1,0,31.2399959564209,-31.2399959564209
3653,8,0,1,32.48233413696289,-32.48233413696289
3654,3,0,1,28.613380432128906,-28.613380432128906
3655,9,0,1,31.921043395996094,-31.921043395996094
3656,2,1,0,34.30833435058594,-34.30833435058594
3657,7,0,1,30.3852481842041,-30.3852481842041
3658,2,1,0,33.001708984375,-33.001708984375
3659,6,0,1,30.005840301513672,-30.005840301513672
3660,0,0,1,34.30101776123047,-34.30101776123047
3661,1,0,1,27.439220428466797,-27.439220428466797
3662,6,0,1,29.982271194458008,-29.982271194458008
3663,1,0,1,24.574451446533203,-24.574451446533203
3664,6,0,1,32.14654541015625,-32.14654541015625
3665,7,0,1,31.505462646484375,-31.505462646484375
3666,5,0,1,29.34103775024414,-29.34103775024414
3667,5,0,1,27.812435150146484,-27.812435150146484
3668,2,1,0,31.02654266357422,-31.02654266357422
3669,5,0,1,27.633468627929688,-27.633468627929688
3670,9,0,1,27.91337776184082,-27.91337776184082
3671,4,0,1,34.45387649536133,-34.45387649536133
3672,0,0,1,22.74846649169922,-22.74846649169922
3673,2,1,0,35.79465103149414,-35.79465103149414
3674,3,0,1,29.9454345703125,-29.9454345703125
3675,4,0,1,24.907310485839844,-24.907310485839844
3676,9,0,1,30.832929611206055,-30.832929611206055
3677,4,0,1,29.416366577148438,-29.416366577148438
3678,1,0,1,26.961441040039062,-26.961441040039062
3679,0,0,1,29.618797302246094,-29.618797302246094
3680,0,0,1,33.174625396728516,-33.174625396728516
3681,2,1,0,34.910400390625,-34.910400390625
3682,3,0,1,26.3479061126709,-26.3479061126709
3683,8,0,1,29.327299118041992,-29.327299118041992
3684,9,0,1,26.320520401000977,-26.320520401000977
3685,2,1,0,35.49665832519531,-35.49665832519531
3686,8,0,1,31.005367279052734,-31.005367279052734
3687,9,0,1,28.267173767089844,-28.267173767089844
3688,5,0,1,27.634567260742188,-27.634567260742188
3689,7,0,1,30.50115203857422,-30.50115203857422
3690,9,0,1,28.118209838867188,-28.118209838867188
3691,1,0,1,25.457651138305664,-25.457651138305664
3692,4,0,1,32.798439025878906,-32.798439025878906
3693,6,0,1,32.92180252075195,-32.92180252075195
3694,2,1,0,34.39339065551758,-34.39339065551758
3695,8,0,1,27.886442184448242,-27.886442184448242
3696,4,0,1,34.53984832763672,-34.53984832763672
3697,4,0,1,31.30327796936035,-31.30327796936035
3698,8,0,1,32.969329833984375,-32.969329833984375
3699,9,0,1,26.443452835083008,-26.443452835083008
3700,3,0,1,29.730030059814453,-29.730030059814453
3701,1,0,1,26.52948570251465,-26.52948570251465
3702,1,0,1,29.758121490478516,-29.758121490478516
3703,6,0,1,29.922712326049805,-29.922712326049805
3704,5,0,1,35.23863220214844,-35.23863220214844
3705,8,0,1,25.243824005126953,-25.243824005126953
3706,4,0,1,30.929012298583984,-30.929012298583984
3707,6,0,1,31.7522029876709,-31.7522029876709
3708,4,0,1,30.543949127197266,-30.543949127197266
3709,5,0,1,27.32256507873535,-27.32256507873535
3710,2,1,0,33.92467498779297,-33.92467498779297
3711,6,0,1,31.782268524169922,-31.782268524169922
3712,4,0,1,32.75175476074219,-32.75175476074219
3713,2,1,0,26.281600952148438,-26.281600952148438
3714,3,0,1,28.381359100341797,-28.381359100341797
3715,1,0,1,28.524309158325195,-28.524309158325195
3716,3,0,1,27.801414489746094,-27.801414489746094
3717,6,0,1,23.230844497680664,-23.230844497680664
3718,8,0,1,35.45889663696289,-35.45889663696289
3719,5,0,1,29.57420539855957,-29.57420539855957
3720,2,1,0,36.907020568847656,-36.907020568847656
3721,2,1,0,28.922622680664062,-28.922622680664062
3722,7,0,1,25.635744094848633,-25.635744094848633
3723,1,0,1,24.713926315307617,-24.713926315307617
3724,6,0,1,30.83768081665039,-30.83768081665039
3725,2,1,0,28.771347045898438,-28.771347045898438
3726,5,0,1,34.716331481933594,-34.716331481933594
3727,9,0,1,29.524484634399414,-29.524484634399414
3728,2,1,0,27.909034729003906,-27.909034729003906
3729,8,0,1,29.046161651611328,-29.046161651611328
3730,1,0,1,24.162918090820312,-24.162918090820312
3731,6,0,1,29.060382843017578,-29.060382843017578
3732,9,0,1,29.148651123046875,-29.148651123046875
3733,2,1,0,30.08648681640625,-30.08648681640625
3734,7,0,1,32.665367126464844,-32.665367126464844
3735,5,0,1,35.18025588989258,-35.18025588989258
3736,3,0,1,28.420940399169922,-28.420940399169922
3737,2,1,0,34.22357177734375,-34.22357177734375
3738,9,0,1,27.518056869506836,-27.518056869506836
3739,7,0,1,28.049659729003906,-28.049659729003906
3740,0,0,1,29.576324462890625,-29.576324462890625
3741,2,1,0,32.6905632019043,-32.6905632019043
3742,9,0,1,26.52659797668457,-26.52659797668457
3743,3,0,1,29.536314010620117,-29.536314010620117
3744,4,0,1,27.217159271240234,-27.217159271240234
3745,1,0,1,23.386552810668945,-23.386552810668945
3746,7,0,1,31.310928344726562,-31.310928344726562
3747,9,0,1,25.810331344604492,-25.810331344604492
3748,5,0,1,31.522388458251953,-31.522388458251953
3749,8,0,1,30.411815643310547,-30.411815643310547
3750,9,0,1,30.968584060668945,-30.968584060668945
3751,7,0,1,31.512191772460938,-31.512191772460938
3752,3,0,1,28.512842178344727,-28.512842178344727
3753,4,0,1,26.885581970214844,-26.885581970214844
3754,0,0,1,30.821369171142578,-30.821369171142578
3755,9,0,1,30.994373321533203,-30.994373321533203
3756,7,0,1,21.761810302734375,-21.761810302734375
3757,4,0,1,32.63798141479492,-32.63798141479492
3758,2,1,0,31.921371459960938,-31.921371459960938
3759,4,0,1,35.663631439208984,-35.663631439208984
3760,7,0,1,27.845256805419922,-27.845256805419922
3761,0,0,1,33.06332778930664,-33.06332778930664
3762,1,0,1,28.634647369384766,-28.634647369384766
3763,8,0,1,27.093189239501953,-27.093189239501953
3764,1,0,1,25.43667221069336,-25.43667221069336
3765,0,0,1,26.10488510131836,-26.10488510131836
3766,4,0,1,30.373937606811523,-30.373937606811523
3767,6,0,1,33.331329345703125,-33.331329345703125
3768,1,0,1,29.774337768554688,-29.774337768554688
3769,9,0,1,29.927846908569336,-29.927846908569336
3770,9,0,1,19.331546783447266,-19.331546783447266
3771,2,1,0,31.27193832397461,-31.27193832397461
3772,1,0,1,29.904930114746094,-29.904930114746094
3773,2,1,0,31.11349868774414,-31.11349868774414
3774,5,0,1,27.283977508544922,-27.283977508544922
3775,6,0,1,27.690202713012695,-27.690202713012695
3776,9,0,1,31.416044235229492,-31.416044235229492
3777,7,0,1,29.822357177734375,-29.822357177734375
3778,7,0,1,32.202903747558594,-32.202903747558594
3779,3,0,1,33.548980712890625,-33.548980712890625
3780,4,0,1,32.37286376953125,-32.37286376953125
3781,2,1,0,31.93292236328125,-31.93292236328125
3782,0,0,1,25.639375686645508,-25.639375686645508
3783,2,1,0,35.04145050048828,-35.04145050048828
3784,5,0,1,27.569080352783203,-27.569080352783203
3785,6,0,1,31.05339241027832,-31.05339241027832
3786,7,0,1,28.925098419189453,-28.925098419189453
3787,3,0,1,30.492408752441406,-30.492408752441406
3788,7,0,1,28.334550857543945,-28.334550857543945
3789,9,0,1,28.17059898376465,-28.17059898376465
3790,4,0,1,34.78689956665039,-34.78689956665039
3791,2,1,0,29.395217895507812,-29.395217895507812
3792,0,0,1,26.5522403717041,-26.5522403717041
3793,6,0,1,29.449729919433594,-29.449729919433594
3794,1,0,1,24.039356231689453,-24.039356231689453
3795,7,0,1,28.981651306152344,-28.981651306152344
3796,5,0,1,29.617874145507812,-29.617874145507812
3797,6,0,1,31.642396926879883,-31.642396926879883
3798,5,0,1,27.102916717529297,-27.102916717529297
3799,3,0,1,30.09021759033203,-30.09021759033203
3800,9,0,1,26.630704879760742,-26.630704879760742
3801,2,1,0,30.97848892211914,-30.97848892211914
3802,7,0,1,21.39286994934082,-21.39286994934082
3803,8,0,1,28.27013397216797,-28.27013397216797
3804,5,0,1,30.994468688964844,-30.994468688964844
3805,9,0,1,23.707948684692383,-23.707948684692383
3806,5,0,1,33.43242263793945,-33.43242263793945
3807,8,0,1,29.009735107421875,-29.009735107421875
3808,5,0,1,34.659210205078125,-34.659210205078125
3809,4,0,1,29.956626892089844,-29.956626892089844
3810,3,0,1,25.265926361083984,-25.265926361083984
3811,7,0,1,30.362472534179688,-30.362472534179688
3812,9,0,1,28.470279693603516,-28.470279693603516
3813,8,0,1,30.83745574951172,-30.83745574951172
3814,1,0,1,28.497726440429688,-28.497726440429688
3815,2,1,0,31.46257972717285,-31.46257972717285
3816,2,1,0,33.15320587158203,-33.15320587158203
3817,8,0,1,29.20454216003418,-29.20454216003418
3818,9,0,1,25.504497528076172,-25.504497528076172
3819,3,0,1,27.06870460510254,-27.06870460510254
3820,0,0,1,32.526893615722656,-32.526893615722656
3821,8,0,1,32.11429977416992,-32.11429977416992
3822,4,0,1,26.352582931518555,-26.352582931518555
3823,0,0,1,30.292226791381836,-30.292226791381836
3824,2,1,0,38.151371002197266,-38.151371002197266
3825,0,0,1,31.811691284179688,-31.811691284179688
3826,1,0,1,28.621652603149414,-28.621652603149414
3827,4,0,1,29.703771591186523,-29.703771591186523
3828,1,0,1,26.987285614013672,-26.987285614013672
3829,8,0,1,34.38037109375,-34.38037109375
3830,5,0,1,27.049392700195312,-27.049392700195312
3831,5,0,1,21.376821517944336,-21.376821517944336
3832,7,0,1,33.05454635620117,-33.05454635620117
3833,9,0,1,30.651851654052734,-30.651851654052734
3834,8,0,1,31.926746368408203,-31.926746368408203
3835,3,0,1,23.599231719970703,-23.599231719970703
3836,7,0,1,29.43929672241211,-29.43929672241211
3837,9,0,1,25.66012954711914,-25.66012954711914
3838,1,0,1,30.765899658203125,-30.765899658203125
3839,5,0,1,32.51132583618164,-32.51132583618164
3840,6,0,1,28.789884567260742,-28.789884567260742
3841,9,0,1,21.641300201416016,-21.641300201416016
3842,8,0,1,29.972835540771484,-29.972835540771484
3843,7,0,1,33.064273834228516,-33.064273834228516
3844,2,1,0,25.802459716796875,-25.802459716796875
3845,0,0,1,34.00986862182617,-34.00986862182617
3846,9,0,1,21.727304458618164,-21.727304458618164
3847,0,0,1,31.031280517578125,-31.031280517578125
3848,8,0,1,34.95469284057617,-34.95469284057617
3849,5,0,1,29.83776092529297,-29.83776092529297
3850,9,0,1,22.102466583251953,-22.102466583251953
3851,4,0,1,31.17739486694336,-31.17739486694336
3852,2,1,0,26.501039505004883,-26.501039505004883
3853,9,0,1,30.828474044799805,-30.828474044799805
3854,8,0,1,33.65480041503906,-33.65480041503906
3855,1,0,1,28.390567779541016,-28.390567779541016
3856,9,0,1,23.281139373779297,-23.281139373779297
3857,1,0,1,30.500465393066406,-30.500465393066406
3858,8,0,1,35.1174430847168,-35.1174430847168
3859,3,0,1,33.21021270751953,-33.21021270751953
3860,7,0,1,30.413436889648438,-30.413436889648438
3861,6,0,1,27.947612762451172,-27.947612762451172
3862,4,0,1,27.50106430053711,-27.50106430053711
3863,2,1,0,31.960241317749023,-31.960241317749023
3864,3,0,1,32.23078536987305,-32.23078536987305
3865,7,0,1,29.127700805664062,-29.127700805664062
3866,0,0,1,32.178470611572266,-32.178470611572266
3867,3,0,1,30.246623992919922,-30.246623992919922
3868,5,0,1,31.47804069519043,-31.47804069519043
3869,8,0,1,33.30076599121094,-33.30076599121094
3870,8,0,1,36.97186279296875,-36.97186279296875
3871,8,0,1,29.668153762817383,-29.668153762817383
3872,7,0,1,28.63744354248047,-28.63744354248047
3873,9,0,1,25.92317008972168,-25.92317008972168
3874,6,0,1,31.288015365600586,-31.288015365600586
3875,2,1,0,29.180923461914062,-29.180923461914062
3876,7,0,1,29.744911193847656,-29.744911193847656
3877,4,0,1,27.01729393005371,-27.01729393005371
3878,5,0,1,27.43030548095703,-27.43030548095703
3879,7,0,1,25.8563175201416,-25.8563175201416
3880,6,0,1,32.48408508300781,-32.48408508300781
3881,7,0,1,30.78657341003418,-30.78657341003418
3882,1,0,1,30.10070037841797,-30.10070037841797
3883,7,0,1,28.386615753173828,-28.386615753173828
3884,3,0,1,33.74763107299805,-33.74763107299805
3885,6,0,1,30.890708923339844,-30.890708923339844
3886,8,0,1,35.772438049316406,-35.772438049316406
3887,2,1,0,33.15238571166992,-33.15238571166992
3888,6,0,1,24.828327178955078,-24.828327178955078
3889,6,0,1,26.89677619934082,-26.89677619934082
3890,7,0,1,31.42702865600586,-31.42702865600586
3891,1,0,1,25.917394638061523,-25.917394638061523
3892,5,0,1,32.281917572021484,-32.281917572021484
3893,9,0,1,29.098865509033203,-29.098865509033203
3894,7,0,1,26.548084259033203,-26.548084259033203
3895,1,0,1,28.946399688720703,-28.946399688720703
3896,7,0,1,29.786174774169922,-29.786174774169922
3897,0,0,1,31.68079948425293,-31.68079948425293
3898,1,0,1,28.987957000732422,-28.987957000732422
3899,6,0,1,32.37723922729492,-32.37723922729492
3900,3,0,1,30.089401245117188,-30.089401245117188
3901,3,0,1,27.839981079101562,-27.839981079101562
3902,9,0,1,27.908403396606445,-27.908403396606445
3903,0,0,1,30.263559341430664,-30.263559341430664
3904,1,0,1,27.78329086303711,-27.78329086303711
3905,2,1,0,25.125144958496094,-25.125144958496094
3906,3,0,1,30.277111053466797,-30.277111053466797
3907,2,1,0,26.221303939819336,-26.221303939819336
3908,2,1,0,28.05450439453125,-28.05450439453125
3909,5,0,1,31.446674346923828,-31.446674346923828
3910,4,0,1,31.06368637084961,-31.06368637084961
3911,9,0,1,30.022602081298828,-30.022602081298828
3912,8,0,1,36.94805908203125,-36.94805908203125
3913,7,0,1,26.41031265258789,-26.41031265258789
3914,4,0,1,35.25244140625,-35.25244140625
3915,4,0,1,31.215322494506836,-31.215322494506836
3916,9,0,1,26.73063850402832,-26.73063850402832
3917,7,0,1,28.803665161132812,-28.803665161132812
3918,6,0,1,25.946043014526367,-25.946043014526367
3919,7,0,1,30.16766357421875,-30.16766357421875
3920,7,0,1,30.062808990478516,-30.062808990478516
3921,1,0,1,27.04131317138672,-27.04131317138672
3922,2,1,0,23.84375762939453,-23.84375762939453
3923,3,0,1,30.23052215576172,-30.23052215576172
3924,5,0,1,34.681243896484375,-34.681243896484375
3925,1,0,1,27.805946350097656,-27.805946350097656
3926,9,0,1,27.03322410583496,-27.03322410583496
3927,0,0,1,29.649187088012695,-29.649187088012695
3928,3,0,1,32.23444366455078,-32.23444366455078
3929,3,0,1,29.86284065246582,-29.86284065246582
3930,1,0,1,25.860809326171875,-25.860809326171875
3931,5,0,1,29.044395446777344,-29.044395446777344
3932,6,0,1,32.17925262451172,-32.17925262451172
3933,6,0,1,29.640178680419922,-29.640178680419922
3934,2,1,0,24.895673751831055,-24.895673751831055
3935,4,0,1,29.293827056884766,-29.293827056884766
3936,6,0,1,28.270769119262695,-28.270769119262695
3937,8,0,1,29.910797119140625,-29.910797119140625
3938,8,0,1,28.627819061279297,-28.627819061279297
3939,9,0,1,28.416908264160156,-28.416908264160156
3940,6,0,1,28.549362182617188,-28.549362182617188
3941,6,0,1,30.029666900634766,-30.029666900634766
3942,1,0,1,27.909149169921875,-27.909149169921875
3943,0,0,1,34.054317474365234,-34.054317474365234
3944,7,0,1,28.990644454956055,-28.990644454956055
3945,5,0,1,28.159486770629883,-28.159486770629883
3946,8,0,1,28.12663459777832,-28.12663459777832
3947,2,1,0,31.728105545043945,-31.728105545043945
3948,1,0,1,29.225229263305664,-29.225229263305664
3949,5,0,1,32.57892608642578,-32.57892608642578
3950,8,0,1,34.341495513916016,-34.341495513916016
3951,1,0,1,30.252164840698242,-30.252164840698242
3952,4,0,1,34.90678787231445,-34.90678787231445
3953,7,0,1,25.759672164916992,-25.759672164916992
3954,5,0,1,27.148181915283203,-27.148181915283203
3955,0,0,1,33.837242126464844,-33.837242126464844
3956,3,0,1,37.04764938354492,-37.04764938354492
3957,9,0,1,29.236942291259766,-29.236942291259766
3958,9,0,1,27.580963134765625,-27.580963134765625
3959,5,0,1,28.096538543701172,-28.096538543701172
3960,2,1,0,32.9453239440918,-32.9453239440918
3961,8,0,1,27.85390853881836,-27.85390853881836
3962,4,0,1,32.0709114074707,-32.0709114074707
3963,1,0,1,27.21758270263672,-27.21758270263672
3964,9,0,1,28.52423095703125,-28.52423095703125
3965,0,0,1,30.73174285888672,-30.73174285888672
3966,4,0,1,34.55129623413086,-34.55129623413086
3967,4,0,1,29.267440795898438,-29.267440795898438
3968,8,0,1,34.71246337890625,-34.71246337890625
3969,2,1,0,29.605377197265625,-29.605377197265625
3970,9,0,1,27.521713256835938,-27.521713256835938
3971,0,0,1,35.301971435546875,-35.301971435546875
3972,7,0,1,24.001129150390625,-24.001129150390625
3973,9,0,1,31.28032684326172,-31.28032684326172
3974,8,0,1,32.251197814941406,-32.251197814941406
3975,7,0,1,26.54081153869629,-26.54081153869629
3976,1,0,1,23.131458282470703,-23.131458282470703
3977,3,0,1,30.59946060180664,-30.59946060180664
3978,2,1,0,29.318567276000977,-29.318567276000977
3979,9,0,1,26.98456573486328,-26.98456573486328
3980,9,0,1,27.057912826538086,-27.057912826538086
3981,5,0,1,34.12741470336914,-34.12741470336914
3982,9,0,1,26.87253189086914,-26.87253189086914
3983,7,0,1,32.361785888671875,-32.361785888671875
3984,6,0,1,28.002086639404297,-28.002086639404297
3985,7,0,1,27.601926803588867,-27.601926803588867
3986,7,0,1,26.93311309814453,-26.93311309814453
3987,1,0,1,27.703569412231445,-27.703569412231445
3988,1,0,1,28.676992416381836,-28.676992416381836
3989,2,1,0,33.78484344482422,-33.78484344482422
3990,4,0,1,35.32525634765625,-35.32525634765625
3991,2,1,0,32.86302185058594,-32.86302185058594
3992,0,0,1,32.1983528137207,-32.1983528137207
3993,6,0,1,33.06604766845703,-33.06604766845703
3994,8,0,1,29.014633178710938,-29.014633178710938
3995,7,0,1,25.853639602661133,-25.853639602661133
3996,6,0,1,21.521451950073242,-21.521451950073242
3997,2,1,0,31.755596160888672,-31.755596160888672
3998,2,1,0,32.97059631347656,-32.97059631347656
3999,9,0,1,28.307716369628906,-28.307716369628906
4000,8,0,1,31.507307052612305,-31.507307052612305
4001,2,1,0,30.174514770507812,-30.174514770507812
4002,4,0,1,30.977962493896484,-30.977962493896484
4003,2,1,0,30.970224380493164,-30.970224380493164
4004,0,0,1,29.130931854248047,-29.130931854248047
4005,5,0,1,29.446062088012695,-29.446062088012695
4006,8,0,1,28.731124877929688,-28.731124877929688
4007,6,0,1,29.6162109375,-29.6162109375
4008,8,0,1,32.03551483154297,-32.03551483154297
4009,2,1,0,34.87602233886719,-34.87602233886719
4010,7,0,1,33.95728302001953,-33.95728302001953
4011,7,0,1,27.291810989379883,-27.291810989379883
4012,3,0,1,28.829761505126953,-28.829761505126953
4013,1,0,1,27.62353515625,-27.62353515625
4014,8,0,1,35.32787322998047,-35.32787322998047
4015,1,0,1,26.168575286865234,-26.168575286865234
4016,6,0,1,31.142793655395508,-31.142793655395508
4017,5,0,1,32.71875,-32.71875
4018,9,0,1,25.582908630371094,-25.582908630371094
4019,7,0,1,30.035951614379883,-30.035951614379883
4020,8,0,1,32.8209342956543,-32.8209342956543
4021,9,0,1,25.69776153564453,-25.69776153564453
4022,6,0,1,25.313861846923828,-25.313861846923828
4023,4,0,1,31.466684341430664,-31.466684341430664
4024,8,0,1,28.20905876159668,-28.20905876159668
4025,1,0,1,27.534746170043945,-27.534746170043945
4026,9,0,1,30.54895782470703,-30.54895782470703
4027,4,0,1,33.91563415527344,-33.91563415527344
4028,0,0,1,29.13990020751953,-29.13990020751953
4029,4,0,1,34.24250411987305,-34.24250411987305
4030,1,0,1,27.289474487304688,-27.289474487304688
4031,4,0,1,31.576738357543945,-31.576738357543945
4032,3,0,1,27.937828063964844,-27.937828063964844
4033,6,0,1,28.929275512695312,-28.929275512695312
4034,2,1,0,34.79648208618164,-34.79648208618164
4035,2,1,0,32.20050811767578,-32.20050811767578
4036,7,0,1,32.033843994140625,-32.033843994140625
4037,0,0,1,29.71428680419922,-29.71428680419922
4038,0,0,1,30.278926849365234,-30.278926849365234
4039,7,0,1,24.85915756225586,-24.85915756225586
4040,0,0,1,30.586833953857422,-30.586833953857422
4041,7,0,1,28.208209991455078,-28.208209991455078
4042,4,0,1,27.451847076416016,-27.451847076416016
4043,3,0,1,30.827856063842773,-30.827856063842773
4044,6,0,1,32.462100982666016,-32.462100982666016
4045,7,0,1,32.00644302368164,-32.00644302368164
4046,7,0,1,29.58116912841797,-29.58116912841797
4047,4,0,1,30.381576538085938,-30.381576538085938
4048,5,0,1,25.77314567565918,-25.77314567565918
4049,4,0,1,33.15848159790039,-33.15848159790039
4050,3,0,1,35.6583366394043,-35.6583366394043
4051,5,0,1,28.24135398864746,-28.24135398864746
4052,5,0,1,30.492650985717773,-30.492650985717773
4053,4,0,1,33.83539581298828,-33.83539581298828
4054,7,0,1,29.828365325927734,-29.828365325927734
4055,1,0,1,32.585628509521484,-32.585628509521484
4056,0,0,1,31.223249435424805,-31.223249435424805
4057,7,0,1,27.296958923339844,-27.296958923339844
4058,7,0,1,27.488719940185547,-27.488719940185547
4059,1,0,1,26.457618713378906,-26.457618713378906
4060,6,0,1,24.984813690185547,-24.984813690185547
4061,5,0,1,27.854278564453125,-27.854278564453125
4062,0,0,1,28.185510635375977,-28.185510635375977
4063,7,0,1,27.92824935913086,-27.92824935913086
4064,7,0,1,28.171428680419922,-28.171428680419922
4065,4,0,1,32.75276565551758,-32.75276565551758
4066,6,0,1,30.233903884887695,-30.233903884887695
4067,1,0,1,30.445375442504883,-30.445375442504883
4068,8,0,1,30.533803939819336,-30.533803939819336
4069,5,0,1,29.598094940185547,-29.598094940185547
4070,9,0,1,24.199153900146484,-24.199153900146484
4071,3,0,1,23.180339813232422,-23.180339813232422
4072,5,0,1,27.225322723388672,-27.225322723388672
4073,6,0,1,28.5191707611084,-28.5191707611084
4074,2,1,0,28.90492057800293,-28.90492057800293
4075,2,1,0,35.59381103515625,-35.59381103515625
4076,7,0,1,32.4277229309082,-32.4277229309082
4077,3,0,1,28.07548713684082,-28.07548713684082
4078,5,0,1,28.138290405273438,-28.138290405273438
4079,8,0,1,32.01777648925781,-32.01777648925781
4080,1,0,1,28.04539680480957,-28.04539680480957
4081,0,0,1,25.04892349243164,-25.04892349243164
4082,6,0,1,26.669565200805664,-26.669565200805664
4083,8,0,1,29.830970764160156,-29.830970764160156
4084,7,0,1,33.27006912231445,-33.27006912231445
4085,8,0,1,27.774255752563477,-27.774255752563477
4086,8,0,1,29.41974639892578,-29.41974639892578
4087,5,0,1,31.23601531982422,-31.23601531982422
4088,7,0,1,29.19450569152832,-29.19450569152832
4089,5,0,1,30.51434898376465,-30.51434898376465
4090,4,0,1,36.20307922363281,-36.20307922363281
4091,9,0,1,27.31658935546875,-27.31658935546875
4092,7,0,1,28.18958282470703,-28.18958282470703
4093,3,0,1,27.750425338745117,-27.750425338745117
4094,3,0,1,25.794998168945312,-25.794998168945312
4095,8,0,1,27.92880630493164,-27.92880630493164
4096,8,0,1,35.60604476928711,-35.60604476928711
4097,3,0,1,29.71723747253418,-29.71723747253418
4098,9,0,1,29.41427230834961,-29.41427230834961
4099,4,0,1,30.658357620239258,-30.658357620239258
4100,7,0,1,27.783878326416016,-27.783878326416016
4101,2,1,0,35.9923095703125,-35.9923095703125
4102,0,0,1,37.964759826660156,-37.964759826660156
4103,8,0,1,30.29271125793457,-30.29271125793457
4104,0,0,1,27.60569953918457,-27.60569953918457
4105,7,0,1,30.31393051147461,-30.31393051147461
4106,3,0,1,29.819366455078125,-29.819366455078125
4107,3,0,1,27.048877716064453,-27.048877716064453
4108,2,1,0,34.16971206665039,-34.16971206665039
4109,5,0,1,28.756988525390625,-28.756988525390625
4110,2,1,0,31.702253341674805,-31.702253341674805
4111,4,0,1,30.379106521606445,-30.379106521606445
4112,4,0,1,29.49846649169922,-29.49846649169922
4113,0,0,1,30.72161865234375,-30.72161865234375
4114,4,0,1,28.201507568359375,-28.201507568359375
4115,8,0,1,30.40296173095703,-30.40296173095703
4116,2,1,0,31.17582893371582,-31.17582893371582
4117,4,0,1,32.26658630371094,-32.26658630371094
4118,0,0,1,30.412841796875,-30.412841796875
4119,6,0,1,28.022563934326172,-28.022563934326172
4120,4,0,1,26.98031234741211,-26.98031234741211
4121,5,0,1,29.156631469726562,-29.156631469726562
4122,6,0,1,30.344532012939453,-30.344532012939453
4123,0,0,1,23.791166305541992,-23.791166305541992
4124,8,0,1,27.645673751831055,-27.645673751831055
4125,8,0,1,33.77644729614258,-33.77644729614258
4126,0,0,1,29.770891189575195,-29.770891189575195
4127,6,0,1,25.526208877563477,-25.526208877563477
4128,1,0,1,27.548568725585938,-27.548568725585938
4129,1,0,1,27.653167724609375,-27.653167724609375
4130,6,0,1,27.57505989074707,-27.57505989074707
4131,1,0,1,26.92318344116211,-26.92318344116211
4132,4,0,1,26.231306076049805,-26.231306076049805
4133,2,1,0,32.564449310302734,-32.564449310302734
4134,1,0,1,26.58751678466797,-26.58751678466797
4135,1,0,1,29.620580673217773,-29.620580673217773
4136,2,1,0,37.13431930541992,-37.13431930541992
4137,4,0,1,32.111385345458984,-32.111385345458984
4138,4,0,1,27.36042022705078,-27.36042022705078
4139,5,0,1,27.033702850341797,-27.033702850341797
4140,5,0,1,29.790027618408203,-29.790027618408203
4141,8,0,1,29.01873779296875,-29.01873779296875
4142,8,0,1,31.55511474609375,-31.55511474609375
4143,5,0,1,27.095645904541016,-27.095645904541016
4144,1,0,1,26.48876953125,-26.48876953125
4145,8,0,1,32.514427185058594,-32.514427185058594
4146,2,1,0,33.39997482299805,-33.39997482299805
4147,3,0,1,30.4146728515625,-30.4146728515625
4148,3,0,1,33.677860260009766,-33.677860260009766
4149,9,0,1,26.05301284790039,-26.05301284790039
4150,6,0,1,31.580589294433594,-31.580589294433594
4151,6,0,1,34.09526062011719,-34.09526062011719
4152,5,0,1,27.98011016845703,-27.98011016845703
4153,0,0,1,21.918840408325195,-21.918840408325195
4154,7,0,1,23.92316246032715,-23.92316246032715
4155,3,0,1,28.9285945892334,-28.9285945892334
4156,3,0,1,27.402738571166992,-27.402738571166992
4157,2,1,0,30.60057258605957,-30.60057258605957
4158,7,0,1,32.09478759765625,-32.09478759765625
4159,4,0,1,32.22865295410156,-32.22865295410156
4160,5,0,1,30.543498992919922,-30.543498992919922
4161,6,0,1,32.02798080444336,-32.02798080444336
4162,0,0,1,32.69927215576172,-32.69927215576172
4163,2,1,0,26.196910858154297,-26.196910858154297
4164,1,0,1,31.38092613220215,-31.38092613220215
4165,8,0,1,34.32223129272461,-34.32223129272461
4166,1,0,1,27.532875061035156,-27.532875061035156
4167,0,0,1,30.12605857849121,-30.12605857849121
4168,9,0,1,26.5734806060791,-26.5734806060791
4169,3,0,1,29.666385650634766,-29.666385650634766
4170,1,0,1,31.390220642089844,-31.390220642089844
4171,0,0,1,33.42310333251953,-33.42310333251953
4172,5,0,1,27.427257537841797,-27.427257537841797
4173,4,0,1,29.93598175048828,-29.93598175048828
4174,2,1,0,26.70738410949707,-26.70738410949707
4175,3,0,1,30.11918830871582,-30.11918830871582
4176,3,0,1,32.46807861328125,-32.46807861328125
4177,6,0,1,28.162689208984375,-28.162689208984375
4178,7,0,1,27.177291870117188,-27.177291870117188
4179,6,0,1,31.345182418823242,-31.345182418823242
4180,0,0,1,34.403297424316406,-34.403297424316406
4181,0,0,1,28.076366424560547,-28.076366424560547
4182,5,0,1,27.343013763427734,-27.343013763427734
4183,7,0,1,28.763221740722656,-28.763221740722656
4184,4,0,1,35.39616012573242,-35.39616012573242
4185,7,0,1,28.643239974975586,-28.643239974975586
4186,7,0,1,28.519412994384766,-28.519412994384766
4187,0,0,1,32.924381256103516,-32.924381256103516
4188,6,0,1,31.11014175415039,-31.11014175415039
4189,1,0,1,30.077281951904297,-30.077281951904297
4190,3,0,1,31.87551498413086,-31.87551498413086
4191,9,0,1,27.556047439575195,-27.556047439575195
4192,0,0,1,33.59355926513672,-33.59355926513672
4193,9,0,1,30.275299072265625,-30.275299072265625
4194,0,0,1,30.01331329345703,-30.01331329345703
4195,3,0,1,33.5818977355957,-33.5818977355957
4196,8,0,1,28.205123901367188,-28.205123901367188
4197,4,0,1,31.024288177490234,-31.024288177490234
4198,8,0,1,31.348915100097656,-31.348915100097656
4199,8,0,1,31.712615966796875,-31.712615966796875
4200,4,0,1,36.264007568359375,-36.264007568359375
4201,1,0,1,27.811365127563477,-27.811365127563477
4202,0,0,1,33.11147689819336,-33.11147689819336
4203,2,1,0,30.794574737548828,-30.794574737548828
4204,2,1,0,30.099658966064453,-30.099658966064453
4205,4,0,1,30.4067325592041,-30.4067325592041
4206,1,0,1,28.897422790527344,-28.897422790527344
4207,1,0,1,23.365886688232422,-23.365886688232422
4208,2,1,0,32.85333251953125,-32.85333251953125
4209,4,0,1,26.605009078979492,-26.605009078979492
4210,3,0,1,25.930118560791016,-25.930118560791016
4211,4,0,1,28.342609405517578,-28.342609405517578
4212,1,0,1,31.304208755493164,-31.304208755493164
4213,4,0,1,30.34996795654297,-30.34996795654297
4214,7,0,1,28.894447326660156,-28.894447326660156
4215,1,0,1,25.311893463134766,-25.311893463134766
4216,0,0,1,35.45720672607422,-35.45720672607422
4217,0,0,1,34.732688903808594,-34.732688903808594
4218,9,0,1,28.963603973388672,-28.963603973388672
4219,0,0,1,26.16866683959961,-26.16866683959961
4220,4,0,1,32.118186950683594,-32.118186950683594
4221,2,1,0,36.639896392822266,-36.639896392822266
4222,8,0,1,29.86891746520996,-29.86891746520996
4223,8,0,1,31.619380950927734,-31.619380950927734
4224,5,0,1,30.697080612182617,-30.697080612182617
4225,5,0,1,29.087997436523438,-29.087997436523438
4226,0,0,1,33.9630241394043,-33.9630241394043
4227,4,0,1,30.610942840576172,-30.610942840576172
4228,0,0,1,26.539445877075195,-26.539445877075195
4229,8,0,1,33.195499420166016,-33.195499420166016
4230,6,0,1,33.396827697753906,-33.396827697753906
4231,2,1,0,29.508970260620117,-29.508970260620117
4232,5,0,1,31.29434585571289,-31.29434585571289
4233,9,0,1,22.044675827026367,-22.044675827026367
4234,2,1,0,34.91936492919922,-34.91936492919922
4235,9,0,1,27.187545776367188,-27.187545776367188
4236,1,0,1,26.247493743896484,-26.247493743896484
4237,1,0,1,27.735187530517578,-27.735187530517578
4238,5,0,1,30.43181037902832,-30.43181037902832
4239,4,0,1,32.38528823852539,-32.38528823852539
4240,7,0,1,28.406326293945312,-28.406326293945312
4241,5,0,1,30.28827667236328,-30.28827667236328
4242,8,0,1,33.22372055053711,-33.22372055053711
4243,6,0,1,29.94449234008789,-29.94449234008789
4244,2,1,0,31.114307403564453,-31.114307403564453
4245,1,0,1,28.805988311767578,-28.805988311767578
4246,5,0,1,32.60380172729492,-32.60380172729492
4247,5,0,1,33.04165267944336,-33.04165267944336
4248,3,0,1,29.528200149536133,-29.528200149536133
4249,4,0,1,30.61763572692871,-30.61763572692871
4250,1,0,1,26.375398635864258,-26.375398635864258
4251,8,0,1,31.28116226196289,-31.28116226196289
4252,9,0,1,27.281896591186523,-27.281896591186523
4253,9,0,1,25.827678680419922,-25.827678680419922
4254,8,0,1,29.407209396362305,-29.407209396362305
4255,9,0,1,28.80455780029297,-28.80455780029297
4256,8,0,1,35.25143814086914,-35.25143814086914
4257,6,0,1,29.01236915588379,-29.01236915588379
4258,8,0,1,31.35464859008789,-31.35464859008789
4259,5,0,1,29.050186157226562,-29.050186157226562
4260,8,0,1,31.555822372436523,-31.555822372436523
4261,9,0,1,29.44626235961914,-29.44626235961914
4262,4,0,1,30.249958038330078,-30.249958038330078
4263,6,0,1,21.13473892211914,-21.13473892211914
4264,2,1,0,34.09807586669922,-34.09807586669922
4265,6,0,1,32.2225456237793,-32.2225456237793
4266,3,0,1,32.77999496459961,-32.77999496459961
4267,7,0,1,25.1956844329834,-25.1956844329834
4268,4,0,1,32.77032470703125,-32.77032470703125
4269,0,0,1,34.523738861083984,-34.523738861083984
4270,0,0,1,32.72870635986328,-32.72870635986328
4271,1,0,1,24.633882522583008,-24.633882522583008
4272,7,0,1,28.071252822875977,-28.071252822875977
4273,5,0,1,31.203107833862305,-31.203107833862305
4274,1,0,1,27.406879425048828,-27.406879425048828
4275,5,0,1,29.704030990600586,-29.704030990600586
4276,9,0,1,28.00908660888672,-28.00908660888672
4277,3,0,1,30.754335403442383,-30.754335403442383
4278,1,0,1,24.895978927612305,-24.895978927612305
4279,6,0,1,27.100555419921875,-27.100555419921875
4280,8,0,1,29.773937225341797,-29.773937225341797
4281,7,0,1,30.678285598754883,-30.678285598754883
4282,3,0,1,30.60205078125,-30.60205078125
4283,6,0,1,27.113590240478516,-27.113590240478516
4284,9,0,1,19.230995178222656,-19.230995178222656
4285,1,0,1,25.301570892333984,-25.301570892333984
4286,2,1,0,33.79623031616211,-33.79623031616211
4287,0,0,1,28.186016082763672,-28.186016082763672
4288,1,0,1,25.510635375976562,-25.510635375976562
4289,7,0,1,28.532264709472656,-28.532264709472656
4290,2,1,0,33.03645706176758,-33.03645706176758
4291,6,0,1,27.475887298583984,-27.475887298583984
4292,1,0,1,24.95684051513672,-24.95684051513672
4293,9,0,1,29.57622528076172,-29.57622528076172
4294,0,0,1,38.48249053955078,-38.48249053955078
4295,0,0,1,28.18115234375,-28.18115234375
4296,8,0,1,30.493772506713867,-30.493772506713867
4297,9,0,1,26.224201202392578,-26.224201202392578
4298,9,0,1,29.10710906982422,-29.10710906982422
4299,2,1,0,33.538299560546875,-33.538299560546875
4300,8,0,1,31.98211669921875,-31.98211669921875
4301,6,0,1,30.527267456054688,-30.527267456054688
4302,2,1,0,30.369964599609375,-30.369964599609375
4303,5,0,1,31.304651260375977,-31.304651260375977
4304,6,0,1,27.02484703063965,-27.02484703063965
4305,0,0,1,28.106277465820312,-28.106277465820312
4306,3,0,1,28.075428009033203,-28.075428009033203
4307,3,0,1,30.6632137298584,-30.6632137298584
4308,0,0,1,31.316797256469727,-31.316797256469727
4309,7,0,1,31.32341766357422,-31.32341766357422
4310,4,0,1,30.763086318969727,-30.763086318969727
4311,7,0,1,29.479610443115234,-29.479610443115234
4312,5,0,1,32.1854133605957,-32.1854133605957
4313,0,0,1,30.087623596191406,-30.087623596191406
4314,1,0,1,31.1199951171875,-31.1199951171875
4315,6,0,1,34.977352142333984,-34.977352142333984
4316,8,0,1,33.33366012573242,-33.33366012573242
4317,8,0,1,32.32550811767578,-32.32550811767578
4318,1,0,1,26.424104690551758,-26.424104690551758
4319,2,1,0,34.22049331665039,-34.22049331665039
4320,1,0,1,31.467533111572266,-31.467533111572266
4321,5,0,1,31.2597713470459,-31.2597713470459
4322,4,0,1,29.06610870361328,-29.06610870361328
4323,5,0,1,26.309127807617188,-26.309127807617188
4324,9,0,1,27.361757278442383,-27.361757278442383
4325,6,0,1,27.751646041870117,-27.751646041870117
4326,7,0,1,29.2874813079834,-29.2874813079834
4327,1,0,1,19.355188369750977,-19.355188369750977
4328,0,0,1,32.020572662353516,-32.020572662353516
4329,6,0,1,29.61305046081543,-29.61305046081543
4330,9,0,1,27.776901245117188,-27.776901245117188
4331,2,1,0,29.693832397460938,-29.693832397460938
4332,7,0,1,29.171680450439453,-29.171680450439453
4333,7,0,1,29.650482177734375,-29.650482177734375
4334,3,0,1,32.7824821472168,-32.7824821472168
4335,9,0,1,34.45077133178711,-34.45077133178711
4336,9,0,1,20.84117889404297,-20.84117889404297
4337,1,0,1,27.599567413330078,-27.599567413330078
4338,9,0,1,27.721906661987305,-27.721906661987305
4339,7,0,1,30.47614860534668,-30.47614860534668
4340,0,0,1,31.736125946044922,-31.736125946044922
4341,1,0,1,29.157617568969727,-29.157617568969727
4342,3,0,1,28.70782470703125,-28.70782470703125
4343,5,0,1,27.165847778320312,-27.165847778320312
4344,4,0,1,33.10205841064453,-33.10205841064453
4345,6,0,1,29.099571228027344,-29.099571228027344
4346,3,0,1,30.040491104125977,-30.040491104125977
4347,8,0,1,30.033159255981445,-30.033159255981445
4348,8,0,1,32.254783630371094,-32.254783630371094
4349,0,0,1,35.105186462402344,-35.105186462402344
4350,4,0,1,28.934696197509766,-28.934696197509766
4351,8,0,1,34.208717346191406,-34.208717346191406
4352,3,0,1,28.624147415161133,-28.624147415161133
4353,6,0,1,28.67552375793457,-28.67552375793457
4354,7,0,1,29.055301666259766,-29.055301666259766
4355,0,0,1,28.079919815063477,-28.079919815063477
4356,0,0,1,32.65379333496094,-32.65379333496094
4357,4,0,1,30.5391902923584,-30.5391902923584
4358,5,0,1,25.850515365600586,-25.850515365600586
4359,2,1,0,30.705034255981445,-30.705034255981445
4360,6,0,1,26.22605323791504,-26.22605323791504
4361,8,0,1,26.973054885864258,-26.973054885864258
4362,4,0,1,29.67278289794922,-29.67278289794922
4363,9,0,1,26.834585189819336,-26.834585189819336
4364,9,0,1,25.04053497314453,-25.04053497314453
4365,9,0,1,30.567407608032227,-30.567407608032227
4366,2,1,0,32.45047378540039,-32.45047378540039
4367,0,0,1,27.123966217041016,-27.123966217041016
4368,4,0,1,35.63159942626953,-35.63159942626953
4369,2,1,0,30.21248435974121,-30.21248435974121
4370,8,0,1,23.36875343322754,-23.36875343322754
4371,1,0,1,23.992589950561523,-23.992589950561523
4372,1,0,1,26.586380004882812,-26.586380004882812
4373,0,0,1,26.511289596557617,-26.511289596557617
4374,0,0,1,27.92406463623047,-27.92406463623047
4375,3,0,1,34.33209991455078,-34.33209991455078
4376,7,0,1,30.495037078857422,-30.495037078857422
4377,4,0,1,30.82903480529785,-30.82903480529785
4378,1,0,1,25.768463134765625,-25.768463134765625
4379,1,0,1,23.155956268310547,-23.155956268310547
4380,9,0,1,27.27469825744629,-27.27469825744629
4381,7,0,1,31.79944610595703,-31.79944610595703
4382,7,0,1,28.8614559173584,-28.8614559173584
4383,4,0,1,30.113731384277344,-30.113731384277344
4384,6,0,1,29.745834350585938,-29.745834350585938
4385,8,0,1,35.288368225097656,-35.288368225097656
4386,6,0,1,28.646240234375,-28.646240234375
4387,0,0,1,32.91791534423828,-32.91791534423828
4388,2,1,0,28.979440689086914,-28.979440689086914
4389,8,0,1,30.579044342041016,-30.579044342041016
4390,5,0,1,31.34947967529297,-31.34947967529297
4391,3,0,1,32.99095916748047,-32.99095916748047
4392,5,0,1,30.15116310119629,-30.15116310119629
4393,3,0,1,26.94870376586914,-26.94870376586914
4394,5,0,1,31.107830047607422,-31.107830047607422
4395,7,0,1,30.204999923706055,-30.204999923706055
4396,9,0,1,19.94932746887207,-19.94932746887207
4397,8,0,1,34.03121566772461,-34.03121566772461
4398,4,0,1,28.808151245117188,-28.808151245117188
4399,4,0,1,28.532506942749023,-28.532506942749023
4400,3,0,1,34.03313064575195,-34.03313064575195
4401,1,0,1,28.186443328857422,-28.186443328857422
4402,4,0,1,32.69435501098633,-32.69435501098633
4403,8,0,1,32.88973617553711,-32.88973617553711
4404,3,0,1,27.558298110961914,-27.558298110961914
4405,6,0,1,26.46835708618164,-26.46835708618164
4406,5,0,1,28.73468589782715,-28.73468589782715
4407,3,0,1,29.438081741333008,-29.438081741333008
4408,0,0,1,30.639238357543945,-30.639238357543945
4409,8,0,1,28.108943939208984,-28.108943939208984
4410,9,0,1,29.073589324951172,-29.073589324951172
4411,5,0,1,28.256710052490234,-28.256710052490234
4412,7,0,1,24.805456161499023,-24.805456161499023
4413,6,0,1,29.9013729095459,-29.9013729095459
4414,2,1,0,32.937137603759766,-32.937137603759766
4415,0,0,1,28.964262008666992,-28.964262008666992
4416,4,0,1,33.00021743774414,-33.00021743774414
4417,9,0,1,27.229684829711914,-27.229684829711914
4418,9,0,1,24.726308822631836,-24.726308822631836
4419,0,0,1,32.258514404296875,-32.258514404296875
4420,5,0,1,29.74507713317871,-29.74507713317871
4421,2,1,0,28.189146041870117,-28.189146041870117
4422,3,0,1,29.862577438354492,-29.862577438354492
4423,6,0,1,31.030738830566406,-31.030738830566406
4424,1,0,1,28.170326232910156,-28.170326232910156
4425,1,0,1,19.068557739257812,-19.068557739257812
4426,0,0,1,33.604408264160156,-33.604408264160156
4427,2,1,0,31.473875045776367,-31.473875045776367
4428,8,0,1,28.280508041381836,-28.280508041381836
4429,2,1,0,30.84978485107422,-30.84978485107422
4430,1,0,1,29.48795509338379,-29.48795509338379
4431,1,0,1,25.82971954345703,-25.82971954345703
4432,7,0,1,28.96261215209961,-28.96261215209961
4433,5,0,1,32.46419906616211,-32.46419906616211
4434,2,1,0,29.14520835876465,-29.14520835876465
4435,3,0,1,30.962814331054688,-30.962814331054688
4436,4,0,1,31.72942352294922,-31.72942352294922
4437,1,0,1,28.186922073364258,-28.186922073364258
4438,2,1,0,31.45858383178711,-31.45858383178711
4439,9,0,1,30.509950637817383,-30.509950637817383
4440,2,1,0,27.567874908447266,-27.567874908447266
4441,1,0,1,25.64597511291504,-25.64597511291504
4442,3,0,1,22.01142692565918,-22.01142692565918
4443,4,0,1,33.45576858520508,-33.45576858520508
4444,8,0,1,30.080249786376953,-30.080249786376953
4445,9,0,1,27.59726333618164,-27.59726333618164
4446,0,0,1,31.536293029785156,-31.536293029785156
4447,0,0,1,30.020366668701172,-30.020366668701172
4448,4,0,1,25.762466430664062,-25.762466430664062
4449,9,0,1,29.59592628479004,-29.59592628479004
4450,0,0,1,32.76411437988281,-32.76411437988281
4451,2,1,0,29.355337142944336,-29.355337142944336
4452,2,1,0,29.556447982788086,-29.556447982788086
4453,0,0,1,18.666179656982422,-18.666179656982422
4454,6,0,1,26.226299285888672,-26.226299285888672
4455,8,0,1,31.17170524597168,-31.17170524597168
4456,7,0,1,29.248620986938477,-29.248620986938477
4457,3,0,1,31.935575485229492,-31.935575485229492
4458,3,0,1,31.209735870361328,-31.209735870361328
4459,8,0,1,31.0782527923584,-31.0782527923584
4460,9,0,1,27.45016098022461,-27.45016098022461
4461,0,0,1,33.82848358154297,-33.82848358154297
4462,2,1,0,31.139339447021484,-31.139339447021484
4463,5,0,1,30.098222732543945,-30.098222732543945
4464,3,0,1,29.217628479003906,-29.217628479003906
4465,6,0,1,30.04966926574707,-30.04966926574707
4466,1,0,1,24.38766098022461,-24.38766098022461
4467,3,0,1,31.806049346923828,-31.806049346923828
4468,9,0,1,29.032442092895508,-29.032442092895508
4469,5,0,1,31.247798919677734,-31.247798919677734
4470,0,0,1,32.72850799560547,-32.72850799560547
4471,5,0,1,30.41805648803711,-30.41805648803711
4472,4,0,1,33.99811553955078,-33.99811553955078
4473,4,0,1,35.079833984375,-35.079833984375
4474,0,0,1,26.862546920776367,-26.862546920776367
4475,1,0,1,24.816375732421875,-24.816375732421875
4476,1,0,1,32.76199722290039,-32.76199722290039
4477,6,0,1,29.37880516052246,-29.37880516052246
4478,1,0,1,30.045764923095703,-30.045764923095703
4479,7,0,1,26.370464324951172,-26.370464324951172
4480,9,0,1,25.205446243286133,-25.205446243286133
4481,9,0,1,23.648008346557617,-23.648008346557617
4482,6,0,1,25.929752349853516,-25.929752349853516
4483,2,1,0,27.326065063476562,-27.326065063476562
4484,4,0,1,29.51840591430664,-29.51840591430664
4485,3,0,1,30.886476516723633,-30.886476516723633
4486,8,0,1,27.47154998779297,-27.47154998779297
4487,3,0,1,21.542682647705078,-21.542682647705078
4488,4,0,1,30.436582565307617,-30.436582565307617
4489,7,0,1,26.646709442138672,-26.646709442138672
4490,0,0,1,27.048580169677734,-27.048580169677734
4491,2,1,0,33.626319885253906,-33.626319885253906
4492,8,0,1,24.574752807617188,-24.574752807617188
4493,4,0,1,35.452022552490234,-35.452022552490234
4494,8,0,1,31.138702392578125,-31.138702392578125
4495,3,0,1,30.85036849975586,-30.85036849975586
4496,8,0,1,26.497127532958984,-26.497127532958984
4497,8,0,1,28.44742202758789,-28.44742202758789
4498,8,0,1,30.9300479888916,-30.9300479888916
4499,3,0,1,29.57078742980957,-29.57078742980957
4500,3,0,1,32.94838333129883,-32.94838333129883
4501,5,0,1,28.56340217590332,-28.56340217590332
4502,7,0,1,28.563682556152344,-28.563682556152344
4503,7,0,1,30.980541229248047,-30.980541229248047
4504,0,0,1,32.64228439331055,-32.64228439331055
4505,4,0,1,32.82154083251953,-32.82154083251953
4506,1,0,1,27.376136779785156,-27.376136779785156
4507,5,0,1,25.907184600830078,-25.907184600830078
4508,9,0,1,30.633525848388672,-30.633525848388672
4509,7,0,1,26.883302688598633,-26.883302688598633
4510,0,0,1,25.22376823425293,-25.22376823425293
4511,6,0,1,30.43890953063965,-30.43890953063965
4512,8,0,1,35.755760192871094,-35.755760192871094
4513,4,0,1,27.17586326599121,-27.17586326599121
4514,9,0,1,25.720142364501953,-25.720142364501953
4515,0,0,1,29.67202377319336,-29.67202377319336
4516,1,0,1,28.92550277709961,-28.92550277709961
4517,8,0,1,28.411724090576172,-28.411724090576172
4518,9,0,1,20.551698684692383,-20.551698684692383
4519,6,0,1,33.4251823425293,-33.4251823425293
4520,3,0,1,32.119361877441406,-32.119361877441406
4521,9,0,1,29.649885177612305,-29.649885177612305
4522,2,1,0,31.357423782348633,-31.357423782348633
4523,4,0,1,32.24394226074219,-32.24394226074219
4524,4,0,1,32.208065032958984,-32.208065032958984
4525,0,0,1,27.52449607849121,-27.52449607849121
4526,3,0,1,30.404521942138672,-30.404521942138672
4527,3,0,1,27.297927856445312,-27.297927856445312
4528,5,0,1,28.031517028808594,-28.031517028808594
4529,4,0,1,32.18339920043945,-32.18339920043945
4530,5,0,1,30.40444564819336,-30.40444564819336
4531,1,0,1,27.70386505126953,-27.70386505126953
4532,1,0,1,24.051362991333008,-24.051362991333008
4533,8,0,1,32.06972885131836,-32.06972885131836
4534,2,1,0,32.174949645996094,-32.174949645996094
4535,2,1,0,30.704816818237305,-30.704816818237305
4536,9,0,1,30.924684524536133,-30.924684524536133
4537,3,0,1,28.22010040283203,-28.22010040283203
4538,7,0,1,30.500320434570312,-30.500320434570312
4539,8,0,1,29.63140106201172,-29.63140106201172
4540,9,0,1,30.60651397705078,-30.60651397705078
4541,2,1,0,33.550960540771484,-33.550960540771484
4542,3,0,1,32.75997543334961,-32.75997543334961
4543,1,0,1,23.420101165771484,-23.420101165771484
4544,7,0,1,26.98056411743164,-26.98056411743164
4545,3,0,1,27.69499397277832,-27.69499397277832
4546,2,1,0,33.29082489013672,-33.29082489013672
4547,3,0,1,29.398317337036133,-29.398317337036133
4548,0,0,1,24.81569480895996,-24.81569480895996
4549,1,0,1,28.563812255859375,-28.563812255859375
4550,9,0,1,31.258102416992188,-31.258102416992188
4551,5,0,1,29.78335952758789,-29.78335952758789
4552,5,0,1,27.404430389404297,-27.404430389404297
4553,3,0,1,33.4669303894043,-33.4669303894043
4554,4,0,1,27.138818740844727,-27.138818740844727
4555,5,0,1,26.85896110534668,-26.85896110534668
4556,2,1,0,32.509788513183594,-32.509788513183594
4557,0,0,1,28.546457290649414,-28.546457290649414
4558,0,0,1,31.996726989746094,-31.996726989746094
4559,3,0,1,27.86583709716797,-27.86583709716797
4560,1,0,1,28.969881057739258,-28.969881057739258
4561,3,0,1,32.662654876708984,-32.662654876708984
4562,4,0,1,28.873132705688477,-28.873132705688477
4563,7,0,1,28.410585403442383,-28.410585403442383
4564,4,0,1,29.5804500579834,-29.5804500579834
4565,2,1,0,32.26171112060547,-32.26171112060547
4566,8,0,1,29.90648078918457,-29.90648078918457
4567,4,0,1,31.851760864257812,-31.851760864257812
4568,8,0,1,33.850120544433594,-33.850120544433594
4569,9,0,1,29.11322021484375,-29.11322021484375
4570,9,0,1,31.881576538085938,-31.881576538085938
4571,4,0,1,33.33334732055664,-33.33334732055664
4572,2,1,0,33.281471252441406,-33.281471252441406
4573,4,0,1,28.750999450683594,-28.750999450683594
4574,3,0,1,31.57391357421875,-31.57391357421875
4575,6,0,1,28.83778190612793,-28.83778190612793
4576,4,0,1,33.69447708129883,-33.69447708129883
4577,6,0,1,31.359031677246094,-31.359031677246094
4578,4,0,1,33.502906799316406,-33.502906799316406
4579,6,0,1,28.191560745239258,-28.191560745239258
4580,6,0,1,31.510982513427734,-31.510982513427734
4581,3,0,1,27.87407112121582,-27.87407112121582
4582,8,0,1,29.841129302978516,-29.841129302978516
4583,7,0,1,27.927499771118164,-27.927499771118164
4584,4,0,1,34.12502670288086,-34.12502670288086
4585,8,0,1,31.883670806884766,-31.883670806884766
4586,0,0,1,34.70798110961914,-34.70798110961914
4587,5,0,1,34.9953498840332,-34.9953498840332
4588,9,0,1,24.72932243347168,-24.72932243347168
4589,3,0,1,33.127540588378906,-33.127540588378906
4590,9,0,1,31.917545318603516,-31.917545318603516
4591,0,0,1,26.529388427734375,-26.529388427734375
4592,7,0,1,28.26408576965332,-28.26408576965332
4593,5,0,1,32.270301818847656,-32.270301818847656
4594,1,0,1,27.393991470336914,-27.393991470336914
4595,9,0,1,28.885150909423828,-28.885150909423828
4596,7,0,1,31.78435516357422,-31.78435516357422
4597,9,0,1,27.262920379638672,-27.262920379638672
4598,1,0,1,31.450706481933594,-31.450706481933594
4599,8,0,1,30.088027954101562,-30.088027954101562
4600,4,0,1,27.44468879699707,-27.44468879699707
4601,2,1,0,28.698829650878906,-28.698829650878906
4602,1,0,1,23.71090316772461,-23.71090316772461
4603,6,0,1,33.94219970703125,-33.94219970703125
4604,4,0,1,34.36556625366211,-34.36556625366211
4605,3,0,1,31.457199096679688,-31.457199096679688
4606,0,0,1,30.293964385986328,-30.293964385986328
4607,1,0,1,27.940147399902344,-27.940147399902344
4608,4,0,1,28.51866340637207,-28.51866340637207
4609,8,0,1,29.868804931640625,-29.868804931640625
4610,6,0,1,28.861711502075195,-28.861711502075195
4611,1,0,1,27.21178436279297,-27.21178436279297
4612,7,0,1,31.028770446777344,-31.028770446777344
4613,1,0,1,27.234407424926758,-27.234407424926758
4614,3,0,1,29.352184295654297,-29.352184295654297
4615,5,0,1,32.5796012878418,-32.5796012878418
4616,4,0,1,31.558795928955078,-31.558795928955078
4617,3,0,1,30.423816680908203,-30.423816680908203
4618,3,0,1,30.676424026489258,-30.676424026489258
4619,9,0,1,27.12316131591797,-27.12316131591797
4620,7,0,1,28.316675186157227,-28.316675186157227
4621,8,0,1,33.88458251953125,-33.88458251953125
4622,2,1,0,32.3089714050293,-32.3089714050293
4623,5,0,1,24.454147338867188,-24.454147338867188
4624,5,0,1,31.17152976989746,-31.17152976989746
4625,4,0,1,32.409454345703125,-32.409454345703125
4626,5,0,1,29.289648056030273,-29.289648056030273
4627,4,0,1,32.99906921386719,-32.99906921386719
4628,5,0,1,29.404455184936523,-29.404455184936523
4629,7,0,1,32.969093322753906,-32.969093322753906
4630,2,1,0,27.69289779663086,-27.69289779663086
4631,5,0,1,32.89384078979492,-32.89384078979492
4632,5,0,1,28.239112854003906,-28.239112854003906
4633,1,0,1,25.5220947265625,-25.5220947265625
4634,7,0,1,27.231033325195312,-27.231033325195312
4635,7,0,1,29.66634750366211,-29.66634750366211
4636,8,0,1,24.666902542114258,-24.666902542114258
4637,3,0,1,31.537757873535156,-31.537757873535156
4638,6,0,1,26.152381896972656,-26.152381896972656
4639,0,0,1,32.944366455078125,-32.944366455078125
4640,2,1,0,34.01045227050781,-34.01045227050781
4641,5,0,1,29.931629180908203,-29.931629180908203
4642,2,1,0,31.958019256591797,-31.958019256591797
4643,3,0,1,31.39000701904297,-31.39000701904297
4644,7,0,1,33.16462707519531,-33.16462707519531
4645,4,0,1,33.041194915771484,-33.041194915771484
4646,2,1,0,31.290943145751953,-31.290943145751953
4647,1,0,1,26.63911247253418,-26.63911247253418
4648,6,0,1,28.61993980407715,-28.61993980407715
4649,8,0,1,32.9012336730957,-32.9012336730957
4650,6,0,1,30.3837890625,-30.3837890625
4651,8,0,1,31.11296272277832,-31.11296272277832
4652,3,0,1,30.569259643554688,-30.569259643554688
4653,2,1,0,34.95777893066406,-34.95777893066406
4654,7,0,1,30.617883682250977,-30.617883682250977
4655,7,0,1,31.183378219604492,-31.183378219604492
4656,9,0,1,25.536216735839844,-25.536216735839844
4657,7,0,1,28.251873016357422,-28.251873016357422
4658,1,0,1,24.917644500732422,-24.917644500732422
4659,4,0,1,31.57063865661621,-31.57063865661621
4660,7,0,1,28.066184997558594,-28.066184997558594
4661,4,0,1,30.671672821044922,-30.671672821044922
4662,6,0,1,31.098140716552734,-31.098140716552734
4663,1,0,1,28.938016891479492,-28.938016891479492
4664,7,0,1,31.57388687133789,-31.57388687133789
4665,3,0,1,32.06828308105469,-32.06828308105469
4666,0,0,1,32.993309020996094,-32.993309020996094
4667,0,0,1,30.90863609313965,-30.90863609313965
4668,6,0,1,28.78976821899414,-28.78976821899414
4669,6,0,1,28.080610275268555,-28.080610275268555
4670,8,0,1,30.10369110107422,-30.10369110107422
4671,6,0,1,27.71059226989746,-27.71059226989746
4672,6,0,1,16.875768661499023,-16.875768661499023
4673,0,0,1,33.083045959472656,-33.083045959472656
4674,3,0,1,28.9859619140625,-28.9859619140625
4675,4,0,1,28.465774536132812,-28.465774536132812
4676,7,0,1,30.119367599487305,-30.119367599487305
4677,4,0,1,30.918170928955078,-30.918170928955078
4678,9,0,1,31.304828643798828,-31.304828643798828
4679,4,0,1,30.45440673828125,-30.45440673828125
4680,9,0,1,23.40909767150879,-23.40909767150879
4681,9,0,1,29.876216888427734,-29.876216888427734
4682,3,0,1,29.71512794494629,-29.71512794494629
4683,4,0,1,35.54792404174805,-35.54792404174805
4684,1,0,1,31.34019660949707,-31.34019660949707
4685,4,0,1,31.237455368041992,-31.237455368041992
4686,0,0,1,31.799633026123047,-31.799633026123047
4687,3,0,1,32.05792236328125,-32.05792236328125
4688,7,0,1,23.437007904052734,-23.437007904052734
4689,1,0,1,29.549591064453125,-29.549591064453125
4690,2,1,0,34.71485137939453,-34.71485137939453
4691,2,1,0,32.624229431152344,-32.624229431152344
4692,8,0,1,35.38239288330078,-35.38239288330078
4693,4,0,1,32.43789291381836,-32.43789291381836
4694,7,0,1,28.054407119750977,-28.054407119750977
4695,8,0,1,30.40285873413086,-30.40285873413086
4696,5,0,1,29.312259674072266,-29.312259674072266
4697,5,0,1,31.159080505371094,-31.159080505371094
4698,6,0,1,29.522933959960938,-29.522933959960938
4699,5,0,1,32.54436492919922,-32.54436492919922
4700,6,0,1,27.52432632446289,-27.52432632446289
4701,0,0,1,31.960201263427734,-31.960201263427734
4702,6,0,1,25.962451934814453,-25.962451934814453
4703,4,0,1,31.26218605041504,-31.26218605041504
4704,9,0,1,25.8487491607666,-25.8487491607666
4705,3,0,1,32.77244567871094,-32.77244567871094
4706,2,1,0,36.200218200683594,-36.200218200683594
4707,7,0,1,27.443307876586914,-27.443307876586914
4708,3,0,1,27.509618759155273,-27.509618759155273
4709,8,0,1,30.427640914916992,-30.427640914916992
4710,3,0,1,26.818546295166016,-26.818546295166016
4711,9,0,1,21.759489059448242,-21.759489059448242
4712,4,0,1,33.35893630981445,-33.35893630981445
4713,1,0,1,28.046340942382812,-28.046340942382812
4714,6,0,1,26.332843780517578,-26.332843780517578
4715,9,0,1,25.048749923706055,-25.048749923706055
4716,9,0,1,27.649608612060547,-27.649608612060547
4717,4,0,1,27.561416625976562,-27.561416625976562
4718,3,0,1,32.560951232910156,-32.560951232910156
4719,9,0,1,26.529632568359375,-26.529632568359375
4720,8,0,1,32.577423095703125,-32.577423095703125
4721,1,0,1,26.775184631347656,-26.775184631347656
4722,6,0,1,30.4066162109375,-30.4066162109375
4723,9,0,1,28.168907165527344,-28.168907165527344
4724,5,0,1,24.41277503967285,-24.41277503967285
4725,9,0,1,27.214855194091797,-27.214855194091797
4726,0,0,1,31.987464904785156,-31.987464904785156
4727,9,0,1,25.336029052734375,-25.336029052734375
4728,7,0,1,28.44032096862793,-28.44032096862793
4729,2,1,0,33.492713928222656,-33.492713928222656
4730,2,1,0,34.615943908691406,-34.615943908691406
4731,4,0,1,35.512916564941406,-35.512916564941406
4732,2,1,0,28.661293029785156,-28.661293029785156
4733,6,0,1,28.389408111572266,-28.389408111572266
4734,4,0,1,25.912952423095703,-25.912952423095703
4735,8,0,1,34.2831916809082,-34.2831916809082
4736,1,0,1,29.578754425048828,-29.578754425048828
4737,9,0,1,31.005020141601562,-31.005020141601562
4738,5,0,1,28.019948959350586,-28.019948959350586
4739,6,0,1,29.603389739990234,-29.603389739990234
4740,5,0,1,32.39546203613281,-32.39546203613281
4741,1,0,1,24.656206130981445,-24.656206130981445
4742,8,0,1,31.420989990234375,-31.420989990234375
4743,6,0,1,26.050092697143555,-26.050092697143555
4744,6,0,1,32.26484680175781,-32.26484680175781
4745,7,0,1,25.58756446838379,-25.58756446838379
4746,6,0,1,33.40925598144531,-33.40925598144531
4747,5,0,1,27.589536666870117,-27.589536666870117
4748,0,0,1,24.508716583251953,-24.508716583251953
4749,2,1,0,31.058116912841797,-31.058116912841797
4750,7,0,1,31.7767276763916,-31.7767276763916
4751,6,0,1,30.22123908996582,-30.22123908996582
4752,1,0,1,27.598438262939453,-27.598438262939453
4753,2,1,0,21.587146759033203,-21.587146759033203
4754,3,0,1,31.35132598876953,-31.35132598876953
4755,1,0,1,30.578838348388672,-30.578838348388672
4756,6,0,1,30.36700439453125,-30.36700439453125
4757,4,0,1,30.27899169921875,-30.27899169921875
4758,9,0,1,32.63779067993164,-32.63779067993164
4759,0,0,1,27.682804107666016,-27.682804107666016
4760,3,0,1,31.9666748046875,-31.9666748046875
4761,9,0,1,27.977081298828125,-27.977081298828125
4762,1,0,1,28.445613861083984,-28.445613861083984
4763,0,0,1,19.053531646728516,-19.053531646728516
4764,5,0,1,32.99570846557617,-32.99570846557617
4765,3,0,1,27.93988037109375,-27.93988037109375
4766,1,0,1,24.79612922668457,-24.79612922668457
4767,6,0,1,30.11724853515625,-30.11724853515625
4768,9,0,1,24.415613174438477,-24.415613174438477
4769,8,0,1,29.033672332763672,-29.033672332763672
4770,9,0,1,27.339508056640625,-27.339508056640625
4771,0,0,1,31.01648712158203,-31.01648712158203
4772,6,0,1,25.663328170776367,-25.663328170776367
4773,1,0,1,28.1892147064209,-28.1892147064209
4774,6,0,1,21.805944442749023,-21.805944442749023
4775,2,1,0,33.891845703125,-33.891845703125
4776,3,0,1,29.469364166259766,-29.469364166259766
4777,5,0,1,25.83885383605957,-25.83885383605957
4778,6,0,1,29.314727783203125,-29.314727783203125
4779,9,0,1,21.1430606842041,-21.1430606842041
4780,0,0,1,31.71933364868164,-31.71933364868164
4781,7,0,1,28.771833419799805,-28.771833419799805
4782,2,1,0,30.082157135009766,-30.082157135009766
4783,4,0,1,33.908634185791016,-33.908634185791016
4784,0,0,1,31.256488800048828,-31.256488800048828
4785,3,0,1,28.17283058166504,-28.17283058166504
4786,6,0,1,24.505895614624023,-24.505895614624023
4787,8,0,1,32.76313781738281,-32.76313781738281
4788,6,0,1,31.511459350585938,-31.511459350585938
4789,9,0,1,26.969158172607422,-26.969158172607422
4790,1,0,1,24.26958465576172,-24.26958465576172
4791,9,0,1,30.065296173095703,-30.065296173095703
4792,0,0,1,29.356136322021484,-29.356136322021484
4793,6,0,1,26.737642288208008,-26.737642288208008
4794,4,0,1,31.828201293945312,-31.828201293945312
4795,5,0,1,30.282264709472656,-30.282264709472656
4796,9,0,1,31.45650863647461,-31.45650863647461
4797,5,0,1,32.66398239135742,-32.66398239135742
4798,4,0,1,35.437950134277344,-35.437950134277344
4799,1,0,1,27.301586151123047,-27.301586151123047
4800,9,0,1,27.44317054748535,-27.44317054748535
4801,2,1,0,30.729808807373047,-30.729808807373047
4802,0,0,1,28.084089279174805,-28.084089279174805
4803,7,0,1,29.0133113861084,-29.0133113861084
4804,3,0,1,27.057737350463867,-27.057737350463867
4805,5,0,1,30.90748405456543,-30.90748405456543
4806,1,0,1,28.584386825561523,-28.584386825561523
4807,8,0,1,31.76090431213379,-31.76090431213379
4808,3,0,1,31.807729721069336,-31.807729721069336
4809,0,0,1,31.887269973754883,-31.887269973754883
4810,5,0,1,29.98696517944336,-29.98696517944336
4811,2,1,0,30.81155014038086,-30.81155014038086
4812,8,0,1,27.26485824584961,-27.26485824584961
4813,8,0,1,35.54581832885742,-35.54581832885742
4814,3,0,1,32.095924377441406,-32.095924377441406
4815,9,0,1,28.32883071899414,-28.32883071899414
4816,6,0,1,32.65376281738281,-32.65376281738281
4817,0,0,1,31.97389793395996,-31.97389793395996
4818,3,0,1,27.226856231689453,-27.226856231689453
4819,5,0,1,31.029010772705078,-31.029010772705078
4820,3,0,1,28.90877914428711,-28.90877914428711
4821,4,0,1,32.5174446105957,-32.5174446105957
4822,1,0,1,30.402971267700195,-30.402971267700195
4823,5,0,1,31.45794105529785,-31.45794105529785
4824,0,0,1,26.054683685302734,-26.054683685302734
4825,7,0,1,32.183998107910156,-32.183998107910156
4826,3,0,1,31.850669860839844,-31.850669860839844
4827,9,0,1,29.522470474243164,-29.522470474243164
4828,4,0,1,34.35970687866211,-34.35970687866211
4829,5,0,1,30.47658920288086,-30.47658920288086
4830,3,0,1,29.698156356811523,-29.698156356811523
4831,1,0,1,26.941471099853516,-26.941471099853516
4832,4,0,1,30.735576629638672,-30.735576629638672
4833,2,1,0,32.88439178466797,-32.88439178466797
4834,4,0,1,34.59519577026367,-34.59519577026367
4835,9,0,1,28.45258331298828,-28.45258331298828
4836,9,0,1,28.271909713745117,-28.271909713745117
4837,7,0,1,30.67253875732422,-30.67253875732422
4838,1,0,1,29.467031478881836,-29.467031478881836
4839,7,0,1,28.128005981445312,-28.128005981445312
4840,0,0,1,21.8603458404541,-21.8603458404541
4841,1,0,1,27.303836822509766,-27.303836822509766
4842,2,1,0,22.195003509521484,-22.195003509521484
4843,1,0,1,23.318132400512695,-23.318132400512695
4844,5,0,1,30.210718154907227,-30.210718154907227
4845,3,0,1,29.762248992919922,-29.762248992919922
4846,8,0,1,28.986392974853516,-28.986392974853516
4847,4,0,1,28.164688110351562,-28.164688110351562
4848,1,0,1,29.588903427124023,-29.588903427124023
4849,5,0,1,27.685470581054688,-27.685470581054688
4850,1,0,1,27.25940704345703,-27.25940704345703
4851,9,0,1,26.990346908569336,-26.990346908569336
4852,9,0,1,31.769195556640625,-31.769195556640625
4853,7,0,1,26.622276306152344,-26.622276306152344
4854,0,0,1,31.327045440673828,-31.327045440673828
4855,1,0,1,30.204469680786133,-30.204469680786133
4856,7,0,1,24.10659408569336,-24.10659408569336
4857,6,0,1,26.443531036376953,-26.443531036376953
4858,2,1,0,30.166282653808594,-30.166282653808594
4859,6,0,1,32.78125,-32.78125
4860,5,0,1,34.989986419677734,-34.989986419677734
4861,0,0,1,31.6317081451416,-31.6317081451416
4862,3,0,1,32.562259674072266,-32.562259674072266
4863,1,0,1,22.3775577545166,-22.3775577545166
4864,3,0,1,28.991968154907227,-28.991968154907227
4865,8,0,1,25.335233688354492,-25.335233688354492
4866,9,0,1,19.922916412353516,-19.922916412353516
4867,9,0,1,31.130966186523438,-31.130966186523438
4868,0,0,1,30.25360107421875,-30.25360107421875
4869,8,0,1,32.901912689208984,-32.901912689208984
4870,8,0,1,30.391677856445312,-30.391677856445312
4871,7,0,1,31.050647735595703,-31.050647735595703
4872,9,0,1,28.17708969116211,-28.17708969116211
4873,2,1,0,33.855228424072266,-33.855228424072266
4874,9,0,1,30.901844024658203,-30.901844024658203
4875,1,0,1,29.1932373046875,-29.1932373046875
4876,3,0,1,30.214359283447266,-30.214359283447266
4877,6,0,1,28.04345703125,-28.04345703125
4878,7,0,1,30.34613037109375,-30.34613037109375
4879,6,0,1,32.24037170410156,-32.24037170410156
4880,0,0,1,28.351041793823242,-28.351041793823242
4881,8,0,1,30.268930435180664,-30.268930435180664
4882,6,0,1,27.634418487548828,-27.634418487548828
4883,2,1,0,35.05292510986328,-35.05292510986328
4884,4,0,1,29.06929588317871,-29.06929588317871
4885,2,1,0,30.058090209960938,-30.058090209960938
4886,3,0,1,30.223003387451172,-30.223003387451172
4887,5,0,1,31.523117065429688,-31.523117065429688
4888,5,0,1,34.1954231262207,-34.1954231262207
4889,4,0,1,27.6664981842041,-27.6664981842041
4890,1,0,1,26.659643173217773,-26.659643173217773
4891,6,0,1,27.688432693481445,-27.688432693481445
4892,7,0,1,32.931331634521484,-32.931331634521484
4893,1,0,1,28.438955307006836,-28.438955307006836
4894,6,0,1,32.00877380371094,-32.00877380371094
4895,1,0,1,30.116743087768555,-30.116743087768555
4896,7,0,1,26.34237289428711,-26.34237289428711
4897,1,0,1,27.544143676757812,-27.544143676757812
4898,6,0,1,28.764755249023438,-28.764755249023438
4899,2,1,0,31.90212059020996,-31.90212059020996
4900,3,0,1,29.582273483276367,-29.582273483276367
4901,0,0,1,27.48427963256836,-27.48427963256836
4902,4,0,1,33.01514434814453,-33.01514434814453
4903,2,1,0,31.20172882080078,-31.20172882080078
4904,9,0,1,22.843629837036133,-22.843629837036133
4905,7,0,1,30.621192932128906,-30.621192932128906
4906,5,0,1,30.65660285949707,-30.65660285949707
4907,5,0,1,31.22661781311035,-31.22661781311035
4908,6,0,1,36.07337951660156,-36.07337951660156
4909,0,0,1,35.270713806152344,-35.270713806152344
4910,8,0,1,27.830923080444336,-27.830923080444336
4911,8,0,1,31.75965118408203,-31.75965118408203
4912,1,0,1,27.0242919921875,-27.0242919921875
4913,1,0,1,26.501453399658203,-26.501453399658203
4914,3,0,1,30.701284408569336,-30.701284408569336
4915,5,0,1,28.31149673461914,-28.31149673461914
4916,6,0,1,30.355606079101562,-30.355606079101562
4917,5,0,1,28.89397621154785,-28.89397621154785
4918,3,0,1,29.69883155822754,-29.69883155822754
4919,8,0,1,29.991531372070312,-29.991531372070312
4920,7,0,1,27.105613708496094,-27.105613708496094
4921,5,0,1,26.625192642211914,-26.625192642211914
4922,0,0,1,27.512834548950195,-27.512834548950195
4923,7,0,1,25.906417846679688,-25.906417846679688
4924,7,0,1,25.426652908325195,-25.426652908325195
4925,5,0,1,30.421979904174805,-30.421979904174805
4926,7,0,1,31.307111740112305,-31.307111740112305
4927,1,0,1,29.628503799438477,-29.628503799438477
4928,9,0,1,24.018856048583984,-24.018856048583984
4929,9,0,1,29.371891021728516,-29.371891021728516
4930,1,0,1,25.57246971130371,-25.57246971130371
4931,9,0,1,26.165023803710938,-26.165023803710938
4932,9,0,1,25.735191345214844,-25.735191345214844
4933,3,0,1,29.207557678222656,-29.207557678222656
4934,5,0,1,32.770904541015625,-32.770904541015625
4935,5,0,1,28.4864501953125,-28.4864501953125
4936,3,0,1,31.534372329711914,-31.534372329711914
4937,0,0,1,29.618946075439453,-29.618946075439453
4938,3,0,1,30.43280029296875,-30.43280029296875
4939,0,0,1,33.45958709716797,-33.45958709716797
4940,6,0,1,29.638444900512695,-29.638444900512695
4941,6,0,1,29.192848205566406,-29.192848205566406
4942,5,0,1,30.401458740234375,-30.401458740234375
4943,6,0,1,32.180030822753906,-32.180030822753906
4944,8,0,1,34.46482849121094,-34.46482849121094
4945,9,0,1,28.303030014038086,-28.303030014038086
4946,4,0,1,24.70879554748535,-24.70879554748535
4947,5,0,1,30.6739501953125,-30.6739501953125
4948,1,0,1,26.941593170166016,-26.941593170166016
4949,1,0,1,32.319984436035156,-32.319984436035156
4950,2,1,0,26.662952423095703,-26.662952423095703
4951,7,0,1,28.240079879760742,-28.240079879760742
4952,9,0,1,29.14999771118164,-29.14999771118164
4953,0,0,1,33.0077018737793,-33.0077018737793
4954,1,0,1,27.484283447265625,-27.484283447265625
4955,2,1,0,33.684600830078125,-33.684600830078125
4956,5,0,1,30.37514305114746,-30.37514305114746
4957,4,0,1,37.25122833251953,-37.25122833251953
4958,4,0,1,32.51375198364258,-32.51375198364258
4959,7,0,1,25.921146392822266,-25.921146392822266
4960,4,0,1,30.496234893798828,-30.496234893798828
4961,8,0,1,33.03384780883789,-33.03384780883789
4962,3,0,1,26.93030548095703,-26.93030548095703
4963,3,0,1,30.137496948242188,-30.137496948242188
4964,5,0,1,34.08285903930664,-34.08285903930664
4965,3,0,1,31.59636878967285,-31.59636878967285
4966,5,0,1,31.007389068603516,-31.007389068603516
4967,7,0,1,30.339021682739258,-30.339021682739258
4968,0,0,1,29.1453800201416,-29.1453800201416
4969,1,0,1,30.335620880126953,-30.335620880126953
4970,2,1,0,31.963844299316406,-31.963844299316406
4971,9,0,1,22.519060134887695,-22.519060134887695
4972,8,0,1,29.666473388671875,-29.666473388671875
4973,1,0,1,27.962324142456055,-27.962324142456055
4974,7,0,1,32.73431396484375,-32.73431396484375
4975,3,0,1,28.741458892822266,-28.741458892822266
4976,5,0,1,32.003883361816406,-32.003883361816406
4977,9,0,1,27.451892852783203,-27.451892852783203
4978,1,0,1,28.609113693237305,-28.609113693237305
4979,9,0,1,28.70462417602539,-28.70462417602539
4980,1,0,1,26.99041175842285,-26.99041175842285
4981,1,0,1,27.492904663085938,-27.492904663085938
4982,3,0,1,28.9429931640625,-28.9429931640625
4983,6,0,1,25.160043716430664,-25.160043716430664
4984,7,0,1,29.465530395507812,-29.465530395507812
4985,4,0,1,31.225568771362305,-31.225568771362305
4986,8,0,1,30.80935287475586,-30.80935287475586
4987,3,0,1,30.995651245117188,-30.995651245117188
4988,5,0,1,28.865209579467773,-28.865209579467773
4989,6,0,1,31.763498306274414,-31.763498306274414
4990,7,0,1,27.789798736572266,-27.789798736572266
4991,0,0,1,34.994728088378906,-34.994728088378906
4992,1,0,1,25.487274169921875,-25.487274169921875
4993,7,0,1,32.19260787963867,-32.19260787963867
4994,7,0,1,29.594818115234375,-29.594818115234375
4995,2,1,0,30.380512237548828,-30.380512237548828
4996,3,0,1,31.97989273071289,-31.97989273071289
4997,3,0,1,28.893417358398438,-28.893417358398438
4998,5,0,1,28.02660369873047,-28.02660369873047
4999,1,0,1,31.852510452270508,-31.852510452270508
5000,7,0,1,21.15140151977539,-21.15140151977539
5001,6,0,1,24.929035186767578,-24.929035186767578
5002,8,0,1,30.91080093383789,-30.91080093383789
5003,4,0,1,34.97810745239258,-34.97810745239258
5004,4,0,1,31.97281837463379,-31.97281837463379
5005,5,0,1,31.734657287597656,-31.734657287597656
5006,7,0,1,28.04892349243164,-28.04892349243164
5007,3,0,1,31.075759887695312,-31.075759887695312
5008,4,0,1,31.540925979614258,-31.540925979614258
5009,7,0,1,33.201904296875,-33.201904296875
5010,7,0,1,30.31640625,-30.31640625
5011,3,0,1,30.532766342163086,-30.532766342163086
5012,6,0,1,31.070003509521484,-31.070003509521484
5013,0,0,1,30.154983520507812,-30.154983520507812
5014,7,0,1,30.82809066772461,-30.82809066772461
5015,2,1,0,35.5355224609375,-35.5355224609375
5016,6,0,1,33.37138748168945,-33.37138748168945
5017,7,0,1,28.793426513671875,-28.793426513671875
5018,4,0,1,32.237060546875,-32.237060546875
5019,1,0,1,30.21108055114746,-30.21108055114746
5020,8,0,1,28.29199981689453,-28.29199981689453
5021,0,0,1,35.0206184387207,-35.0206184387207
5022,2,1,0,32.54662322998047,-32.54662322998047
5023,2,1,0,27.751306533813477,-27.751306533813477
5024,1,0,1,28.751018524169922,-28.751018524169922
5025,5,0,1,31.29853057861328,-31.29853057861328
5026,4,0,1,32.890419006347656,-32.890419006347656
5027,0,0,1,28.20570945739746,-28.20570945739746
5028,9,0,1,28.21148109436035,-28.21148109436035
5029,3,0,1,31.861549377441406,-31.861549377441406
5030,4,0,1,30.92755699157715,-30.92755699157715
5031,4,0,1,35.300689697265625,-35.300689697265625
5032,2,1,0,29.429161071777344,-29.429161071777344
5033,3,0,1,31.48949432373047,-31.48949432373047
5034,8,0,1,33.51073455810547,-33.51073455810547
5035,5,0,1,30.05390739440918,-30.05390739440918
5036,0,0,1,29.55426025390625,-29.55426025390625
5037,0,0,1,29.434911727905273,-29.434911727905273
5038,4,0,1,31.007295608520508,-31.007295608520508
5039,6,0,1,27.792755126953125,-27.792755126953125
5040,3,0,1,25.241458892822266,-25.241458892822266
5041,9,0,1,25.98512840270996,-25.98512840270996
5042,2,1,0,27.92400360107422,-27.92400360107422
5043,0,0,1,27.968219757080078,-27.968219757080078
5044,5,0,1,24.5596923828125,-24.5596923828125
5045,7,0,1,28.57501220703125,-28.57501220703125
5046,5,0,1,34.68648147583008,-34.68648147583008
5047,5,0,1,34.257568359375,-34.257568359375
5048,1,0,1,24.421188354492188,-24.421188354492188
5049,7,0,1,32.04300308227539,-32.04300308227539
5050,3,0,1,31.589061737060547,-31.589061737060547
5051,1,0,1,25.342302322387695,-25.342302322387695
5052,6,0,1,33.20645523071289,-33.20645523071289
5053,7,0,1,32.40514373779297,-32.40514373779297
5054,9,0,1,23.264942169189453,-23.264942169189453
5055,0,0,1,27.92283058166504,-27.92283058166504
5056,1,0,1,27.10431671142578,-27.10431671142578
5057,2,1,0,30.870624542236328,-30.870624542236328
5058,1,0,1,27.637258529663086,-27.637258529663086
5059,4,0,1,28.71473503112793,-28.71473503112793
5060,6,0,1,30.789262771606445,-30.789262771606445
5061,1,0,1,27.31226348876953,-27.31226348876953
5062,5,0,1,27.578166961669922,-27.578166961669922
5063,9,0,1,28.444355010986328,-28.444355010986328
5064,5,0,1,29.09449005126953,-29.09449005126953
5065,0,0,1,31.665767669677734,-31.665767669677734
5066,4,0,1,30.129026412963867,-30.129026412963867
5067,9,0,1,23.941877365112305,-23.941877365112305
5068,4,0,1,31.524930953979492,-31.524930953979492
5069,9,0,1,31.842060089111328,-31.842060089111328
5070,7,0,1,32.4550895690918,-32.4550895690918
5071,1,0,1,25.44260025024414,-25.44260025024414
5072,6,0,1,33.41162872314453,-33.41162872314453
5073,8,0,1,33.18048858642578,-33.18048858642578
5074,0,0,1,33.429107666015625,-33.429107666015625
5075,6,0,1,30.85544776916504,-30.85544776916504
5076,5,0,1,31.496278762817383,-31.496278762817383
5077,0,0,1,35.397342681884766,-35.397342681884766
5078,8,0,1,34.84502410888672,-34.84502410888672
5079,1,0,1,28.746749877929688,-28.746749877929688
5080,7,0,1,29.218786239624023,-29.218786239624023
5081,5,0,1,25.813486099243164,-25.813486099243164
5082,6,0,1,31.379932403564453,-31.379932403564453
5083,9,0,1,23.20569610595703,-23.20569610595703
5084,3,0,1,30.02936363220215,-30.02936363220215
5085,2,1,0,33.097747802734375,-33.097747802734375
5086,3,0,1,29.649662017822266,-29.649662017822266
5087,9,0,1,25.78116798400879,-25.78116798400879
5088,8,0,1,31.261850357055664,-31.261850357055664
5089,6,0,1,31.52977752685547,-31.52977752685547
5090,1,0,1,25.825031280517578,-25.825031280517578
5091,0,0,1,27.321517944335938,-27.321517944335938
5092,9,0,1,25.572895050048828,-25.572895050048828
5093,0,0,1,27.996936798095703,-27.996936798095703
5094,9,0,1,27.25872039794922,-27.25872039794922
5095,8,0,1,33.59803771972656,-33.59803771972656
5096,7,0,1,29.63956642150879,-29.63956642150879
5097,7,0,1,31.580509185791016,-31.580509185791016
5098,5,0,1,31.038333892822266,-31.038333892822266
5099,2,1,0,32.2138671875,-32.2138671875
5100,3,0,1,27.407867431640625,-27.407867431640625
5101,5,0,1,31.50172233581543,-31.50172233581543
5102,5,0,1,32.0107536315918,-32.0107536315918
5103,7,0,1,27.665624618530273,-27.665624618530273
5104,8,0,1,29.21942901611328,-29.21942901611328
5105,7,0,1,27.400100708007812,-27.400100708007812
5106,6,0,1,30.7142333984375,-30.7142333984375
5107,9,0,1,30.84880828857422,-30.84880828857422
5108,1,0,1,27.291187286376953,-27.291187286376953
5109,9,0,1,29.93368911743164,-29.93368911743164
5110,8,0,1,33.63691329956055,-33.63691329956055
5111,6,0,1,30.229530334472656,-30.229530334472656
5112,5,0,1,26.838459014892578,-26.838459014892578
5113,6,0,1,32.26394271850586,-32.26394271850586
5114,7,0,1,27.973907470703125,-27.973907470703125
5115,5,0,1,27.26183319091797,-27.26183319091797
5116,6,0,1,27.176189422607422,-27.176189422607422
5117,7,0,1,29.005353927612305,-29.005353927612305
5118,2,1,0,35.884403228759766,-35.884403228759766
5119,5,0,1,29.99813461303711,-29.99813461303711
5120,9,0,1,27.038991928100586,-27.038991928100586
5121,6,0,1,28.676118850708008,-28.676118850708008
5122,6,0,1,29.398757934570312,-29.398757934570312
5123,7,0,1,31.55097770690918,-31.55097770690918
5124,0,0,1,31.06085205078125,-31.06085205078125
5125,1,0,1,28.259368896484375,-28.259368896484375
5126,0,0,1,27.099525451660156,-27.099525451660156
5127,1,0,1,29.439699172973633,-29.439699172973633
5128,3,0,1,26.93081283569336,-26.93081283569336
5129,2,1,0,30.039291381835938,-30.039291381835938
5130,5,0,1,33.418983459472656,-33.418983459472656
5131,6,0,1,32.58582305908203,-32.58582305908203
5132,1,0,1,28.66663932800293,-28.66663932800293
5133,2,1,0,35.0513916015625,-35.0513916015625
5134,5,0,1,29.502803802490234,-29.502803802490234
5135,1,0,1,31.14791488647461,-31.14791488647461
5136,9,0,1,27.28349494934082,-27.28349494934082
5137,9,0,1,27.023637771606445,-27.023637771606445
5138,8,0,1,33.8253173828125,-33.8253173828125
5139,6,0,1,30.444360733032227,-30.444360733032227
5140,8,0,1,35.25959777832031,-35.25959777832031
5141,6,0,1,27.276874542236328,-27.276874542236328
5142,8,0,1,30.633207321166992,-30.633207321166992
5143,9,0,1,27.68170738220215,-27.68170738220215
5144,0,0,1,29.407075881958008,-29.407075881958008
5145,4,0,1,32.13066864013672,-32.13066864013672
5146,0,0,1,35.3096923828125,-35.3096923828125
5147,3,0,1,26.826711654663086,-26.826711654663086
5148,3,0,1,29.44822883605957,-29.44822883605957
5149,6,0,1,26.40686798095703,-26.40686798095703
5150,4,0,1,30.306299209594727,-30.306299209594727
5151,9,0,1,29.77490997314453,-29.77490997314453
5152,9,0,1,32.98628234863281,-32.98628234863281
5153,7,0,1,25.91561508178711,-25.91561508178711
5154,2,1,0,27.005617141723633,-27.005617141723633
5155,3,0,1,32.40149688720703,-32.40149688720703
5156,5,0,1,26.926864624023438,-26.926864624023438
5157,6,0,1,32.870155334472656,-32.870155334472656
5158,4,0,1,32.27721405029297,-32.27721405029297
5159,6,0,1,32.92949676513672,-32.92949676513672
5160,0,0,1,31.7709903717041,-31.7709903717041
5161,3,0,1,28.35213851928711,-28.35213851928711
5162,7,0,1,29.08431625366211,-29.08431625366211
5163,5,0,1,25.896461486816406,-25.896461486816406
5164,0,0,1,31.67264175415039,-31.67264175415039
5165,2,1,0,33.657291412353516,-33.657291412353516
5166,9,0,1,29.41745948791504,-29.41745948791504
5167,2,1,0,31.06350326538086,-31.06350326538086
5168,7,0,1,29.889507293701172,-29.889507293701172
5169,2,1,0,34.75849533081055,-34.75849533081055
5170,9,0,1,25.347267150878906,-25.347267150878906
5171,2,1,0,29.898719787597656,-29.898719787597656
5172,4,0,1,29.348785400390625,-29.348785400390625
5173,0,0,1,32.973304748535156,-32.973304748535156
5174,6,0,1,30.75653839111328,-30.75653839111328
5175,6,0,1,26.040241241455078,-26.040241241455078
5176,3,0,1,28.874231338500977,-28.874231338500977
5177,4,0,1,33.34709930419922,-33.34709930419922
5178,5,0,1,29.094135284423828,-29.094135284423828
5179,5,0,1,29.11176872253418,-29.11176872253418
5180,9,0,1,29.22948455810547,-29.22948455810547
5181,1,0,1,24.760143280029297,-24.760143280029297
5182,1,0,1,28.76956558227539,-28.76956558227539
5183,4,0,1,28.488548278808594,-28.488548278808594
5184,4,0,1,29.341487884521484,-29.341487884521484
5185,3,0,1,31.841461181640625,-31.841461181640625
5186,5,0,1,31.867328643798828,-31.867328643798828
5187,4,0,1,32.94678497314453,-32.94678497314453
5188,8,0,1,29.839401245117188,-29.839401245117188
5189,0,0,1,34.810516357421875,-34.810516357421875
5190,0,0,1,30.840038299560547,-30.840038299560547
5191,3,0,1,31.02247428894043,-31.02247428894043
5192,9,0,1,24.753440856933594,-24.753440856933594
5193,4,0,1,31.394126892089844,-31.394126892089844
5194,7,0,1,32.59959411621094,-32.59959411621094
5195,4,0,1,28.27332878112793,-28.27332878112793
5196,2,1,0,32.43391418457031,-32.43391418457031
5197,8,0,1,30.70005226135254,-30.70005226135254
5198,3,0,1,26.68798828125,-26.68798828125
5199,6,0,1,28.56037139892578,-28.56037139892578
5200,3,0,1,29.600881576538086,-29.600881576538086
5201,1,0,1,30.79925537109375,-30.79925537109375
5202,9,0,1,29.475887298583984,-29.475887298583984
5203,6,0,1,30.867481231689453,-30.867481231689453
5204,3,0,1,28.694913864135742,-28.694913864135742
5205,8,0,1,29.851398468017578,-29.851398468017578
5206,3,0,1,30.61135482788086,-30.61135482788086
5207,8,0,1,30.629690170288086,-30.629690170288086
5208,4,0,1,33.089393615722656,-33.089393615722656
5209,7,0,1,28.677078247070312,-28.677078247070312
5210,5,0,1,31.724266052246094,-31.724266052246094
5211,7,0,1,28.17611312866211,-28.17611312866211
5212,5,0,1,30.096817016601562,-30.096817016601562
5213,3,0,1,30.340972900390625,-30.340972900390625
5214,1,0,1,27.807964324951172,-27.807964324951172
5215,2,1,0,29.845081329345703,-29.845081329345703
5216,6,0,1,29.719249725341797,-29.719249725341797
5217,1,0,1,28.490230560302734,-28.490230560302734
5218,3,0,1,30.702381134033203,-30.702381134033203
5219,2,1,0,29.360130310058594,-29.360130310058594
5220,0,0,1,30.91985511779785,-30.91985511779785
5221,7,0,1,25.61257553100586,-25.61257553100586
5222,5,0,1,27.493614196777344,-27.493614196777344
5223,0,0,1,28.95758056640625,-28.95758056640625
5224,0,0,1,29.901874542236328,-29.901874542236328
5225,0,0,1,31.773969650268555,-31.773969650268555
5226,1,0,1,27.39466667175293,-27.39466667175293
5227,4,0,1,29.493824005126953,-29.493824005126953
5228,3,0,1,29.925912857055664,-29.925912857055664
5229,5,0,1,29.02983283996582,-29.02983283996582
5230,8,0,1,28.956398010253906,-28.956398010253906
5231,4,0,1,30.331298828125,-30.331298828125
5232,3,0,1,28.658130645751953,-28.658130645751953
5233,1,0,1,24.22640609741211,-24.22640609741211
5234,7,0,1,27.950180053710938,-27.950180053710938
5235,1,0,1,30.19698143005371,-30.19698143005371
5236,0,0,1,32.83723068237305,-32.83723068237305
5237,4,0,1,32.56453323364258,-32.56453323364258
5238,2,1,0,29.451215744018555,-29.451215744018555
5239,4,0,1,30.201948165893555,-30.201948165893555
5240,1,0,1,27.387718200683594,-27.387718200683594
5241,4,0,1,30.716327667236328,-30.716327667236328
5242,0,0,1,31.547088623046875,-31.547088623046875
5243,1,0,1,28.858631134033203,-28.858631134033203
5244,2,1,0,35.9190788269043,-35.9190788269043
5245,1,0,1,23.358930587768555,-23.358930587768555
5246,7,0,1,27.34303092956543,-27.34303092956543
5247,7,0,1,25.8956356048584,-25.8956356048584
5248,9,0,1,28.015644073486328,-28.015644073486328
5249,8,0,1,30.86720085144043,-30.86720085144043
5250,7,0,1,29.850217819213867,-29.850217819213867
5251,5,0,1,28.954811096191406,-28.954811096191406
5252,4,0,1,34.13420104980469,-34.13420104980469
5253,0,0,1,31.133319854736328,-31.133319854736328
5254,9,0,1,30.867841720581055,-30.867841720581055
5255,0,0,1,33.796749114990234,-33.796749114990234
5256,0,0,1,31.112041473388672,-31.112041473388672
5257,8,0,1,32.13654327392578,-32.13654327392578
5258,2,1,0,27.317941665649414,-27.317941665649414
5259,0,0,1,29.55339813232422,-29.55339813232422
5260,0,0,1,33.178184509277344,-33.178184509277344
5261,2,1,0,28.70288848876953,-28.70288848876953
5262,4,0,1,28.974214553833008,-28.974214553833008
5263,8,0,1,31.216106414794922,-31.216106414794922
5264,6,0,1,26.659866333007812,-26.659866333007812
5265,2,1,0,31.935653686523438,-31.935653686523438
5266,4,0,1,32.94886016845703,-32.94886016845703
5267,6,0,1,33.33140182495117,-33.33140182495117
5268,3,0,1,31.26801872253418,-31.26801872253418
5269,5,0,1,28.00782585144043,-28.00782585144043
5270,1,0,1,25.530975341796875,-25.530975341796875
5271,5,0,1,25.285200119018555,-25.285200119018555
5272,3,0,1,28.448673248291016,-28.448673248291016
5273,7,0,1,25.969484329223633,-25.969484329223633
5274,2,1,0,28.365625381469727,-28.365625381469727
5275,2,1,0,35.86705017089844,-35.86705017089844
5276,9,0,1,28.968246459960938,-28.968246459960938
5277,8,0,1,30.475135803222656,-30.475135803222656
5278,0,0,1,33.6956901550293,-33.6956901550293
5279,0,0,1,26.059185028076172,-26.059185028076172
5280,0,0,1,27.479082107543945,-27.479082107543945
5281,3,0,1,30.369373321533203,-30.369373321533203
5282,4,0,1,33.05435562133789,-33.05435562133789
5283,4,0,1,28.458698272705078,-28.458698272705078
5284,6,0,1,29.08560562133789,-29.08560562133789
5285,1,0,1,27.08822250366211,-27.08822250366211
5286,6,0,1,28.549198150634766,-28.549198150634766
5287,7,0,1,31.74433135986328,-31.74433135986328
5288,4,0,1,27.849491119384766,-27.849491119384766
5289,4,0,1,29.233631134033203,-29.233631134033203
5290,3,0,1,31.678939819335938,-31.678939819335938
5291,9,0,1,30.718536376953125,-30.718536376953125
5292,4,0,1,28.712942123413086,-28.712942123413086
5293,0,0,1,30.74135971069336,-30.74135971069336
5294,8,0,1,31.98798942565918,-31.98798942565918
5295,0,0,1,34.01835250854492,-34.01835250854492
5296,4,0,1,31.24602508544922,-31.24602508544922
5297,6,0,1,32.056453704833984,-32.056453704833984
5298,5,0,1,31.148494720458984,-31.148494720458984
5299,7,0,1,26.96048355102539,-26.96048355102539
5300,9,0,1,22.450641632080078,-22.450641632080078
5301,7,0,1,26.091121673583984,-26.091121673583984
5302,0,0,1,33.73714065551758,-33.73714065551758
5303,5,0,1,33.898765563964844,-33.898765563964844
5304,7,0,1,29.05581283569336,-29.05581283569336
5305,7,0,1,29.685688018798828,-29.685688018798828
5306,3,0,1,30.745481491088867,-30.745481491088867
5307,1,0,1,25.139556884765625,-25.139556884765625
5308,9,0,1,31.5357666015625,-31.5357666015625
5309,3,0,1,28.94196319580078,-28.94196319580078
5310,0,0,1,33.34332275390625,-33.34332275390625
5311,9,0,1,22.739145278930664,-22.739145278930664
5312,5,0,1,26.462610244750977,-26.462610244750977
5313,3,0,1,30.63077163696289,-30.63077163696289
5314,7,0,1,27.123069763183594,-27.123069763183594
5315,9,0,1,27.638593673706055,-27.638593673706055
5316,4,0,1,30.11859130859375,-30.11859130859375
5317,4,0,1,32.40915298461914,-32.40915298461914
5318,1,0,1,27.853593826293945,-27.853593826293945
5319,7,0,1,29.723526000976562,-29.723526000976562
5320,7,0,1,28.127696990966797,-28.127696990966797
5321,1,0,1,28.000045776367188,-28.000045776367188
5322,4,0,1,29.115623474121094,-29.115623474121094
5323,1,0,1,24.818035125732422,-24.818035125732422
5324,2,1,0,30.639076232910156,-30.639076232910156
5325,8,0,1,29.670291900634766,-29.670291900634766
5326,7,0,1,29.156198501586914,-29.156198501586914
5327,0,0,1,34.240840911865234,-34.240840911865234
5328,0,0,1,32.426475524902344,-32.426475524902344
5329,4,0,1,30.686695098876953,-30.686695098876953
5330,7,0,1,31.19544219970703,-31.19544219970703
5331,2,1,0,33.911190032958984,-33.911190032958984
5332,9,0,1,29.00766944885254,-29.00766944885254
5333,7,0,1,29.916563034057617,-29.916563034057617
5334,6,0,1,33.02260971069336,-33.02260971069336
5335,9,0,1,26.610233306884766,-26.610233306884766
5336,3,0,1,26.906253814697266,-26.906253814697266
5337,5,0,1,35.5759162902832,-35.5759162902832
5338,8,0,1,31.76403045654297,-31.76403045654297
5339,0,0,1,31.06867218017578,-31.06867218017578
5340,3,0,1,31.412334442138672,-31.412334442138672
5341,6,0,1,30.757869720458984,-30.757869720458984
5342,8,0,1,30.85430145263672,-30.85430145263672
5343,3,0,1,30.594282150268555,-30.594282150268555
5344,2,1,0,34.91590881347656,-34.91590881347656
5345,4,0,1,32.6734733581543,-32.6734733581543
5346,7,0,1,29.286640167236328,-29.286640167236328
5347,1,0,1,28.29578971862793,-28.29578971862793
5348,1,0,1,26.306175231933594,-26.306175231933594
5349,3,0,1,29.58976936340332,-29.58976936340332
5350,9,0,1,21.781240463256836,-21.781240463256836
5351,7,0,1,30.397281646728516,-30.397281646728516
5352,5,0,1,30.31541633605957,-30.31541633605957
5353,1,0,1,27.821552276611328,-27.821552276611328
5354,0,0,1,34.31501770019531,-34.31501770019531
5355,8,0,1,33.0801887512207,-33.0801887512207
5356,7,0,1,29.626848220825195,-29.626848220825195
5357,0,0,1,27.50237274169922,-27.50237274169922
5358,1,0,1,33.23682403564453,-33.23682403564453
5359,6,0,1,30.849903106689453,-30.849903106689453
5360,9,0,1,26.249664306640625,-26.249664306640625
5361,3,0,1,30.35504722595215,-30.35504722595215
5362,2,1,0,28.711973190307617,-28.711973190307617
5363,7,0,1,30.316810607910156,-30.316810607910156
5364,7,0,1,25.401363372802734,-25.401363372802734
5365,8,0,1,26.137104034423828,-26.137104034423828
5366,1,0,1,28.41773223876953,-28.41773223876953
5367,0,0,1,33.088836669921875,-33.088836669921875
5368,3,0,1,31.649620056152344,-31.649620056152344
5369,4,0,1,32.641845703125,-32.641845703125
5370,6,0,1,29.40376853942871,-29.40376853942871
5371,7,0,1,32.77969741821289,-32.77969741821289
5372,5,0,1,30.616918563842773,-30.616918563842773
5373,2,1,0,31.208417892456055,-31.208417892456055
5374,0,0,1,30.32375717163086,-30.32375717163086
5375,1,0,1,31.520339965820312,-31.520339965820312
5376,5,0,1,29.5067138671875,-29.5067138671875
5377,5,0,1,31.319324493408203,-31.319324493408203
5378,1,0,1,24.713680267333984,-24.713680267333984
5379,4,0,1,32.552276611328125,-32.552276611328125
5380,1,0,1,26.600303649902344,-26.600303649902344
5381,3,0,1,30.111656188964844,-30.111656188964844
5382,0,0,1,28.090675354003906,-28.090675354003906
5383,8,0,1,27.14249038696289,-27.14249038696289
5384,6,0,1,29.070026397705078,-29.070026397705078
5385,2,1,0,29.703004837036133,-29.703004837036133
5386,1,0,1,26.201126098632812,-26.201126098632812
5387,3,0,1,26.98566246032715,-26.98566246032715
5388,6,0,1,29.468128204345703,-29.468128204345703
5389,4,0,1,31.617538452148438,-31.617538452148438
5390,1,0,1,28.902507781982422,-28.902507781982422
5391,9,0,1,26.22641372680664,-26.22641372680664
5392,0,0,1,23.893606185913086,-23.893606185913086
5393,4,0,1,31.589481353759766,-31.589481353759766
5394,1,0,1,26.781810760498047,-26.781810760498047
5395,0,0,1,33.83443832397461,-33.83443832397461
5396,1,0,1,25.011905670166016,-25.011905670166016
5397,9,0,1,29.639347076416016,-29.639347076416016
5398,8,0,1,35.165771484375,-35.165771484375
5399,6,0,1,30.260143280029297,-30.260143280029297
5400,9,0,1,29.38654327392578,-29.38654327392578
5401,2,1,0,34.01312255859375,-34.01312255859375
5402,4,0,1,34.08314895629883,-34.08314895629883
5403,7,0,1,28.997434616088867,-28.997434616088867
5404,2,1,0,30.468605041503906,-30.468605041503906
5405,2,1,0,32.617130279541016,-32.617130279541016
5406,7,0,1,28.252317428588867,-28.252317428588867
5407,4,0,1,28.604774475097656,-28.604774475097656
5408,9,0,1,30.480693817138672,-30.480693817138672
5409,1,0,1,29.60250473022461,-29.60250473022461
5410,3,0,1,29.73392105102539,-29.73392105102539
5411,2,1,0,31.48074722290039,-31.48074722290039
5412,6,0,1,29.991954803466797,-29.991954803466797
5413,3,0,1,26.852954864501953,-26.852954864501953
5414,4,0,1,29.9592342376709,-29.9592342376709
5415,4,0,1,27.96379852294922,-27.96379852294922
5416,9,0,1,20.615516662597656,-20.615516662597656
5417,4,0,1,32.9742317199707,-32.9742317199707
5418,8,0,1,28.73511505126953,-28.73511505126953
5419,2,1,0,28.514997482299805,-28.514997482299805
5420,6,0,1,26.580650329589844,-26.580650329589844
5421,6,0,1,24.222929000854492,-24.222929000854492
5422,1,0,1,31.835935592651367,-31.835935592651367
5423,6,0,1,23.8363037109375,-23.8363037109375
5424,3,0,1,31.992008209228516,-31.992008209228516
5425,6,0,1,32.75339126586914,-32.75339126586914
5426,5,0,1,32.596073150634766,-32.596073150634766
5427,8,0,1,30.5921630859375,-30.5921630859375
5428,4,0,1,26.5626220703125,-26.5626220703125
5429,6,0,1,27.912548065185547,-27.912548065185547
5430,7,0,1,32.5283203125,-32.5283203125
5431,1,0,1,22.91851806640625,-22.91851806640625
5432,9,0,1,29.016338348388672,-29.016338348388672
5433,3,0,1,34.02555847167969,-34.02555847167969
5434,6,0,1,34.71122741699219,-34.71122741699219
5435,7,0,1,30.79021644592285,-30.79021644592285
5436,6,0,1,28.779020309448242,-28.779020309448242
5437,0,0,1,37.80659484863281,-37.80659484863281
5438,7,0,1,29.420854568481445,-29.420854568481445
5439,1,0,1,24.020675659179688,-24.020675659179688
5440,9,0,1,25.38704490661621,-25.38704490661621
5441,5,0,1,27.6962833404541,-27.6962833404541
5442,2,1,0,23.72890281677246,-23.72890281677246
5443,6,0,1,33.66181945800781,-33.66181945800781
5444,7,0,1,25.828094482421875,-25.828094482421875
5445,7,0,1,28.616588592529297,-28.616588592529297
5446,6,0,1,27.90273666381836,-27.90273666381836
5447,5,0,1,22.99141502380371,-22.99141502380371
5448,9,0,1,27.884675979614258,-27.884675979614258
5449,1,0,1,26.841049194335938,-26.841049194335938
5450,5,0,1,29.02431869506836,-29.02431869506836
5451,6,0,1,26.095827102661133,-26.095827102661133
5452,0,0,1,31.039709091186523,-31.039709091186523
5453,2,1,0,30.835342407226562,-30.835342407226562
5454,0,0,1,30.774070739746094,-30.774070739746094
5455,9,0,1,26.77521324157715,-26.77521324157715
5456,1,0,1,27.837997436523438,-27.837997436523438
5457,8,0,1,30.386613845825195,-30.386613845825195
5458,3,0,1,27.365131378173828,-27.365131378173828
5459,5,0,1,31.890108108520508,-31.890108108520508
5460,0,0,1,23.29915428161621,-23.29915428161621
5461,0,0,1,30.92241096496582,-30.92241096496582
5462,0,0,1,28.95094108581543,-28.95094108581543
5463,5,0,1,31.681278228759766,-31.681278228759766
5464,7,0,1,29.674650192260742,-29.674650192260742
5465,7,0,1,29.707460403442383,-29.707460403442383
5466,8,0,1,33.7271728515625,-33.7271728515625
5467,5,0,1,29.22239875793457,-29.22239875793457
5468,5,0,1,31.530193328857422,-31.530193328857422
5469,5,0,1,32.843505859375,-32.843505859375
5470,1,0,1,30.056337356567383,-30.056337356567383
5471,6,0,1,24.249588012695312,-24.249588012695312
5472,1,0,1,27.821117401123047,-27.821117401123047
5473,5,0,1,32.441551208496094,-32.441551208496094
5474,1,0,1,26.759363174438477,-26.759363174438477
5475,0,0,1,24.626144409179688,-24.626144409179688
5476,6,0,1,30.683231353759766,-30.683231353759766
5477,2,1,0,29.239898681640625,-29.239898681640625
5478,3,0,1,30.691680908203125,-30.691680908203125
5479,2,1,0,35.93034362792969,-35.93034362792969
5480,1,0,1,26.545852661132812,-26.545852661132812
5481,7,0,1,32.351436614990234,-32.351436614990234
5482,5,0,1,29.39851188659668,-29.39851188659668
5483,1,0,1,25.506425857543945,-25.506425857543945
5484,9,0,1,29.268712997436523,-29.268712997436523
5485,8,0,1,30.33559799194336,-30.33559799194336
5486,3,0,1,30.4874210357666,-30.4874210357666
5487,6,0,1,27.587974548339844,-27.587974548339844
5488,9,0,1,29.116430282592773,-29.116430282592773
5489,7,0,1,28.238391876220703,-28.238391876220703
5490,3,0,1,31.210674285888672,-31.210674285888672
5491,0,0,1,31.09583282470703,-31.09583282470703
5492,2,1,0,29.93938446044922,-29.93938446044922
5493,3,0,1,31.152606964111328,-31.152606964111328
5494,9,0,1,25.911970138549805,-25.911970138549805
5495,4,0,1,28.66320037841797,-28.66320037841797
5496,4,0,1,33.44432830810547,-33.44432830810547
5497,3,0,1,29.976211547851562,-29.976211547851562
5498,9,0,1,22.78662109375,-22.78662109375
5499,6,0,1,30.371288299560547,-30.371288299560547
5500,8,0,1,30.287078857421875,-30.287078857421875
5501,6,0,1,29.119291305541992,-29.119291305541992
5502,6,0,1,29.704153060913086,-29.704153060913086
5503,8,0,1,31.2415771484375,-31.2415771484375
5504,5,0,1,34.78733444213867,-34.78733444213867
5505,4,0,1,30.571826934814453,-30.571826934814453
5506,3,0,1,28.627765655517578,-28.627765655517578
5507,6,0,1,28.900753021240234,-28.900753021240234
5508,7,0,1,31.185495376586914,-31.185495376586914
5509,7,0,1,29.75860023498535,-29.75860023498535
5510,4,0,1,31.899301528930664,-31.899301528930664
5511,3,0,1,31.690227508544922,-31.690227508544922
5512,9,0,1,32.46160888671875,-32.46160888671875
5513,6,0,1,30.925024032592773,-30.925024032592773
5514,2,1,0,32.88680648803711,-32.88680648803711
5515,4,0,1,29.638057708740234,-29.638057708740234
5516,0,0,1,30.565616607666016,-30.565616607666016
5517,1,0,1,25.925477981567383,-25.925477981567383
5518,3,0,1,32.11454391479492,-32.11454391479492
5519,6,0,1,31.72842788696289,-31.72842788696289
5520,4,0,1,27.866823196411133,-27.866823196411133
5521,9,0,1,24.737585067749023,-24.737585067749023
5522,2,1,0,31.23147964477539,-31.23147964477539
5523,6,0,1,33.682037353515625,-33.682037353515625
5524,0,0,1,30.439640045166016,-30.439640045166016
5525,3,0,1,27.871200561523438,-27.871200561523438
5526,8,0,1,26.90382194519043,-26.90382194519043
5527,7,0,1,31.189834594726562,-31.189834594726562
5528,5,0,1,28.639324188232422,-28.639324188232422
5529,3,0,1,25.322036743164062,-25.322036743164062
5530,3,0,1,29.126449584960938,-29.126449584960938
5531,8,0,1,30.671112060546875,-30.671112060546875
5532,3,0,1,32.496543884277344,-32.496543884277344
5533,2,1,0,25.354167938232422,-25.354167938232422
5534,6,0,1,33.17417907714844,-33.17417907714844
5535,3,0,1,29.2747802734375,-29.2747802734375
5536,6,0,1,29.016403198242188,-29.016403198242188
5537,2,1,0,27.255462646484375,-27.255462646484375
5538,7,0,1,33.57384490966797,-33.57384490966797
5539,4,0,1,30.221485137939453,-30.221485137939453
5540,5,0,1,33.46014404296875,-33.46014404296875
5541,7,0,1,32.54770278930664,-32.54770278930664
5542,9,0,1,30.922340393066406,-30.922340393066406
5543,0,0,1,32.50175094604492,-32.50175094604492
5544,0,0,1,31.443668365478516,-31.443668365478516
5545,6,0,1,26.216796875,-26.216796875
5546,7,0,1,28.651559829711914,-28.651559829711914
5547,2,1,0,32.128814697265625,-32.128814697265625
5548,8,0,1,34.598995208740234,-34.598995208740234
5549,5,0,1,33.130592346191406,-33.130592346191406
5550,5,0,1,31.30148696899414,-31.30148696899414
5551,7,0,1,28.388246536254883,-28.388246536254883
5552,5,0,1,28.28997039794922,-28.28997039794922
5553,5,0,1,27.25298500061035,-27.25298500061035
5554,9,0,1,31.465335845947266,-31.465335845947266
5555,4,0,1,33.95769500732422,-33.95769500732422
5556,6,0,1,29.00728988647461,-29.00728988647461
5557,4,0,1,29.479921340942383,-29.479921340942383
5558,7,0,1,24.137645721435547,-24.137645721435547
5559,3,0,1,35.746280670166016,-35.746280670166016
5560,3,0,1,32.852752685546875,-32.852752685546875
5561,6,0,1,29.97015953063965,-29.97015953063965
5562,4,0,1,31.223125457763672,-31.223125457763672
5563,1,0,1,29.224319458007812,-29.224319458007812
5564,6,0,1,25.5234375,-25.5234375
5565,3,0,1,31.42728042602539,-31.42728042602539
5566,1,0,1,29.819093704223633,-29.819093704223633
5567,6,0,1,31.655363082885742,-31.655363082885742
5568,7,0,1,30.893146514892578,-30.893146514892578
5569,0,0,1,30.518646240234375,-30.518646240234375
5570,5,0,1,28.311702728271484,-28.311702728271484
5571,0,0,1,26.90583610534668,-26.90583610534668
5572,1,0,1,22.958099365234375,-22.958099365234375
5573,9,0,1,28.669166564941406,-28.669166564941406
5574,7,0,1,27.419113159179688,-27.419113159179688
5575,3,0,1,34.32352828979492,-34.32352828979492
5576,5,0,1,30.992292404174805,-30.992292404174805
5577,2,1,0,32.60039520263672,-32.60039520263672
5578,3,0,1,31.704910278320312,-31.704910278320312
5579,9,0,1,27.73757553100586,-27.73757553100586
5580,5,0,1,31.88146209716797,-31.88146209716797
5581,6,0,1,28.694438934326172,-28.694438934326172
5582,4,0,1,34.34514617919922,-34.34514617919922
5583,0,0,1,28.86112403869629,-28.86112403869629
5584,0,0,1,28.07892608642578,-28.07892608642578
5585,0,0,1,28.020708084106445,-28.020708084106445
5586,8,0,1,32.545494079589844,-32.545494079589844
5587,0,0,1,32.53197479248047,-32.53197479248047
5588,3,0,1,34.461265563964844,-34.461265563964844
5589,2,1,0,35.21708297729492,-35.21708297729492
5590,4,0,1,34.023075103759766,-34.023075103759766
5591,5,0,1,30.392976760864258,-30.392976760864258
5592,3,0,1,30.938108444213867,-30.938108444213867
5593,7,0,1,30.07877540588379,-30.07877540588379
5594,9,0,1,28.86944007873535,-28.86944007873535
5595,6,0,1,28.649904251098633,-28.649904251098633
5596,9,0,1,29.523794174194336,-29.523794174194336
5597,3,0,1,30.997352600097656,-30.997352600097656
5598,1,0,1,20.917984008789062,-20.917984008789062
5599,2,1,0,35.704627990722656,-35.704627990722656
5600,6,0,1,29.41571807861328,-29.41571807861328
5601,7,0,1,28.20807647705078,-28.20807647705078
5602,4,0,1,34.673885345458984,-34.673885345458984
5603,5,0,1,31.326030731201172,-31.326030731201172
5604,1,0,1,28.53091049194336,-28.53091049194336
5605,3,0,1,32.152313232421875,-32.152313232421875
5606,7,0,1,24.301382064819336,-24.301382064819336
5607,6,0,1,29.559558868408203,-29.559558868408203
5608,9,0,1,26.158123016357422,-26.158123016357422
5609,5,0,1,32.70673370361328,-32.70673370361328
5610,8,0,1,30.05892562866211,-30.05892562866211
5611,5,0,1,27.93924331665039,-27.93924331665039
5612,8,0,1,29.48025894165039,-29.48025894165039
5613,5,0,1,30.812435150146484,-30.812435150146484
5614,8,0,1,32.29922866821289,-32.29922866821289
5615,5,0,1,32.464759826660156,-32.464759826660156
5616,6,0,1,28.41217803955078,-28.41217803955078
5617,5,0,1,32.24352264404297,-32.24352264404297
5618,0,0,1,28.1155948638916,-28.1155948638916
5619,8,0,1,27.586223602294922,-27.586223602294922
5620,3,0,1,29.078121185302734,-29.078121185302734
5621,8,0,1,29.934661865234375,-29.934661865234375
5622,1,0,1,26.262672424316406,-26.262672424316406
5623,8,0,1,30.913333892822266,-30.913333892822266
5624,1,0,1,25.029953002929688,-25.029953002929688
5625,5,0,1,27.631574630737305,-27.631574630737305
5626,0,0,1,36.10795211791992,-36.10795211791992
5627,9,0,1,26.568870544433594,-26.568870544433594
5628,8,0,1,27.7387638092041,-27.7387638092041
5629,6,0,1,29.158727645874023,-29.158727645874023
5630,3,0,1,31.232460021972656,-31.232460021972656
5631,6,0,1,34.55158233642578,-34.55158233642578
5632,3,0,1,24.44329071044922,-24.44329071044922
5633,4,0,1,30.415733337402344,-30.415733337402344
5634,4,0,1,32.882755279541016,-32.882755279541016
5635,7,0,1,32.972389221191406,-32.972389221191406
5636,4,0,1,29.181774139404297,-29.181774139404297
5637,7,0,1,29.638919830322266,-29.638919830322266
5638,4,0,1,31.76149559020996,-31.76149559020996
5639,3,0,1,26.042810440063477,-26.042810440063477
5640,2,1,0,30.98807716369629,-30.98807716369629
5641,4,0,1,31.845335006713867,-31.845335006713867
5642,5,0,1,27.402408599853516,-27.402408599853516
5643,5,0,1,27.50757598876953,-27.50757598876953
5644,7,0,1,26.90951156616211,-26.90951156616211
5645,5,0,1,30.458436965942383,-30.458436965942383
5646,4,0,1,32.14122772216797,-32.14122772216797
5647,5,0,1,33.206825256347656,-33.206825256347656
5648,8,0,1,30.330631256103516,-30.330631256103516
5649,0,0,1,30.354297637939453,-30.354297637939453
5650,5,0,1,28.91236114501953,-28.91236114501953
5651,4,0,1,33.78649139404297,-33.78649139404297
5652,0,0,1,30.709850311279297,-30.709850311279297
5653,5,0,1,26.047893524169922,-26.047893524169922
5654,4,0,1,32.1100959777832,-32.1100959777832
5655,3,0,1,32.82686996459961,-32.82686996459961
5656,3,0,1,31.258846282958984,-31.258846282958984
5657,2,1,0,29.38313865661621,-29.38313865661621
5658,4,0,1,31.128620147705078,-31.128620147705078
5659,2,1,0,30.25637435913086,-30.25637435913086
5660,9,0,1,27.00682830810547,-27.00682830810547
5661,4,0,1,32.6535530090332,-32.6535530090332
5662,8,0,1,30.959125518798828,-30.959125518798828
5663,8,0,1,30.32430648803711,-30.32430648803711
5664,6,0,1,28.68761444091797,-28.68761444091797
5665,2,1,0,34.56648635864258,-34.56648635864258
5666,6,0,1,29.870332717895508,-29.870332717895508
5667,1,0,1,28.247089385986328,-28.247089385986328
5668,7,0,1,29.19606590270996,-29.19606590270996
5669,0,0,1,29.91439437866211,-29.91439437866211
5670,4,0,1,28.87095069885254,-28.87095069885254
5671,3,0,1,31.115503311157227,-31.115503311157227
5672,8,0,1,32.54234313964844,-32.54234313964844
5673,5,0,1,30.405988693237305,-30.405988693237305
5674,9,0,1,31.977930068969727,-31.977930068969727
5675,7,0,1,28.399486541748047,-28.399486541748047
5676,6,0,1,31.5772705078125,-31.5772705078125
5677,7,0,1,28.731033325195312,-28.731033325195312
5678,1,0,1,34.01088333129883,-34.01088333129883
5679,0,0,1,29.027572631835938,-29.027572631835938
5680,2,1,0,30.16868019104004,-30.16868019104004
5681,3,0,1,26.627986907958984,-26.627986907958984
5682,5,0,1,29.260116577148438,-29.260116577148438
5683,6,0,1,29.410619735717773,-29.410619735717773
5684,7,0,1,33.1396484375,-33.1396484375
5685,1,0,1,26.772966384887695,-26.772966384887695
5686,6,0,1,28.361026763916016,-28.361026763916016
5687,2,1,0,33.726348876953125,-33.726348876953125
5688,8,0,1,32.30775833129883,-32.30775833129883
5689,3,0,1,27.048267364501953,-27.048267364501953
5690,7,0,1,28.021650314331055,-28.021650314331055
5691,2,1,0,32.1461296081543,-32.1461296081543
5692,5,0,1,30.699790954589844,-30.699790954589844
5693,7,0,1,33.252197265625,-33.252197265625
5694,5,0,1,29.05838966369629,-29.05838966369629
5695,7,0,1,27.201351165771484,-27.201351165771484
5696,7,0,1,21.90774917602539,-21.90774917602539
5697,1,0,1,27.631397247314453,-27.631397247314453
5698,7,0,1,26.49144172668457,-26.49144172668457
5699,4,0,1,30.359203338623047,-30.359203338623047
5700,3,0,1,31.24880027770996,-31.24880027770996
5701,3,0,1,29.882612228393555,-29.882612228393555
5702,4,0,1,32.206153869628906,-32.206153869628906
5703,0,0,1,29.737930297851562,-29.737930297851562
5704,4,0,1,28.753311157226562,-28.753311157226562
5705,2,1,0,33.87036895751953,-33.87036895751953
5706,7,0,1,29.980052947998047,-29.980052947998047
5707,0,0,1,30.510129928588867,-30.510129928588867
5708,2,1,0,30.9483585357666,-30.9483585357666
5709,2,1,0,30.550403594970703,-30.550403594970703
5710,6,0,1,26.900745391845703,-26.900745391845703
5711,6,0,1,28.35037612915039,-28.35037612915039
5712,2,1,0,33.94245910644531,-33.94245910644531
5713,5,0,1,26.26732063293457,-26.26732063293457
5714,2,1,0,30.827865600585938,-30.827865600585938
5715,6,0,1,32.489444732666016,-32.489444732666016
5716,0,0,1,35.58988571166992,-35.58988571166992
5717,6,0,1,33.5780029296875,-33.5780029296875
5718,1,0,1,27.688636779785156,-27.688636779785156
5719,2,1,0,28.22297477722168,-28.22297477722168
5720,9,0,1,27.91684913635254,-27.91684913635254
5721,0,0,1,32.120872497558594,-32.120872497558594
5722,0,0,1,31.38193130493164,-31.38193130493164
5723,1,0,1,25.242389678955078,-25.242389678955078
5724,5,0,1,33.21714401245117,-33.21714401245117
5725,5,0,1,34.778892517089844,-34.778892517089844
5726,1,0,1,28.6877498626709,-28.6877498626709
5727,6,0,1,26.67510223388672,-26.67510223388672
5728,7,0,1,26.556926727294922,-26.556926727294922
5729,8,0,1,28.20597267150879,-28.20597267150879
5730,5,0,1,29.76777458190918,-29.76777458190918
5731,6,0,1,31.797243118286133,-31.797243118286133
5732,3,0,1,29.511281967163086,-29.511281967163086
5733,3,0,1,28.547685623168945,-28.547685623168945
5734,6,0,1,25.994394302368164,-25.994394302368164
5735,0,0,1,29.925216674804688,-29.925216674804688
5736,9,0,1,29.704463958740234,-29.704463958740234
5737,9,0,1,21.36456871032715,-21.36456871032715
5738,2,1,0,32.92733383178711,-32.92733383178711
5739,2,1,0,31.858718872070312,-31.858718872070312
5740,6,0,1,30.1309757232666,-30.1309757232666
5741,1,0,1,25.863811492919922,-25.863811492919922
5742,4,0,1,26.399368286132812,-26.399368286132812
5743,6,0,1,29.88076400756836,-29.88076400756836
5744,2,1,0,32.35628890991211,-32.35628890991211
5745,5,0,1,28.080036163330078,-28.080036163330078
5746,7,0,1,27.37835693359375,-27.37835693359375
5747,8,0,1,35.29026794433594,-35.29026794433594
5748,8,0,1,21.860301971435547,-21.860301971435547
5749,5,0,1,29.764869689941406,-29.764869689941406
5750,6,0,1,28.58432960510254,-28.58432960510254
5751,4,0,1,31.22325325012207,-31.22325325012207
5752,3,0,1,29.416173934936523,-29.416173934936523
5753,2,1,0,30.5986328125,-30.5986328125
5754,3,0,1,29.07938575744629,-29.07938575744629
5755,4,0,1,33.95558166503906,-33.95558166503906
5756,4,0,1,32.74162292480469,-32.74162292480469
5757,4,0,1,34.470069885253906,-34.470069885253906
5758,8,0,1,29.20199203491211,-29.20199203491211
5759,9,0,1,24.666240692138672,-24.666240692138672
5760,2,1,0,34.462318420410156,-34.462318420410156
5761,6,0,1,26.748313903808594,-26.748313903808594
5762,0,0,1,36.03318786621094,-36.03318786621094
5763,9,0,1,29.4738712310791,-29.4738712310791
5764,7,0,1,27.776702880859375,-27.776702880859375
5765,9,0,1,28.508249282836914,-28.508249282836914
5766,8,0,1,27.3543643951416,-27.3543643951416
5767,7,0,1,28.125925064086914,-28.125925064086914
5768,7,0,1,30.623950958251953,-30.623950958251953
5769,3,0,1,30.711288452148438,-30.711288452148438
5770,8,0,1,31.426128387451172,-31.426128387451172
5771,2,1,0,31.814706802368164,-31.814706802368164
5772,9,0,1,28.958736419677734,-28.958736419677734
5773,3,0,1,33.79434585571289,-33.79434585571289
5774,5,0,1,28.009174346923828,-28.009174346923828
5775,7,0,1,33.9505729675293,-33.9505729675293
5776,5,0,1,29.311025619506836,-29.311025619506836
5777,8,0,1,29.367582321166992,-29.367582321166992
5778,7,0,1,28.521034240722656,-28.521034240722656
5779,3,0,1,35.516971588134766,-35.516971588134766
5780,7,0,1,26.25286865234375,-26.25286865234375
5781,0,0,1,32.566253662109375,-32.566253662109375
5782,7,0,1,26.527626037597656,-26.527626037597656
5783,1,0,1,30.24962043762207,-30.24962043762207
5784,6,0,1,28.947528839111328,-28.947528839111328
5785,2,1,0,34.04164123535156,-34.04164123535156
5786,4,0,1,30.746204376220703,-30.746204376220703
5787,0,0,1,29.234821319580078,-29.234821319580078
5788,0,0,1,34.244903564453125,-34.244903564453125
5789,2,1,0,31.33946418762207,-31.33946418762207
5790,9,0,1,27.991565704345703,-27.991565704345703
5791,8,0,1,30.430177688598633,-30.430177688598633
5792,2,1,0,29.90962791442871,-29.90962791442871
5793,8,0,1,31.95659065246582,-31.95659065246582
5794,7,0,1,25.467357635498047,-25.467357635498047
5795,7,0,1,31.780996322631836,-31.780996322631836
5796,5,0,1,30.45331382751465,-30.45331382751465
5797,5,0,1,32.47652053833008,-32.47652053833008
5798,0,0,1,30.614301681518555,-30.614301681518555
5799,1,0,1,22.425506591796875,-22.425506591796875
5800,2,1,0,30.858572006225586,-30.858572006225586
5801,9,0,1,28.08626937866211,-28.08626937866211
5802,6,0,1,32.29780197143555,-32.29780197143555
5803,1,0,1,26.47876739501953,-26.47876739501953
5804,0,0,1,30.541542053222656,-30.541542053222656
5805,1,0,1,26.659095764160156,-26.659095764160156
5806,0,0,1,32.5103645324707,-32.5103645324707
5807,6,0,1,26.71016502380371,-26.71016502380371
5808,5,0,1,31.946746826171875,-31.946746826171875
5809,0,0,1,33.255733489990234,-33.255733489990234
5810,5,0,1,28.2501277923584,-28.2501277923584
5811,7,0,1,31.189537048339844,-31.189537048339844
5812,4,0,1,31.953506469726562,-31.953506469726562
5813,4,0,1,31.27900505065918,-31.27900505065918
5814,8,0,1,30.34807586669922,-30.34807586669922
5815,3,0,1,28.44664764404297,-28.44664764404297
5816,5,0,1,28.02832794189453,-28.02832794189453
5817,3,0,1,28.163856506347656,-28.163856506347656
5818,7,0,1,29.444414138793945,-29.444414138793945
5819,2,1,0,30.78097915649414,-30.78097915649414
5820,5,0,1,29.02310562133789,-29.02310562133789
5821,8,0,1,31.481613159179688,-31.481613159179688
5822,3,0,1,29.896339416503906,-29.896339416503906
5823,5,0,1,28.3065185546875,-28.3065185546875
5824,7,0,1,28.519227981567383,-28.519227981567383
5825,3,0,1,29.295368194580078,-29.295368194580078
5826,7,0,1,29.953001022338867,-29.953001022338867
5827,0,0,1,26.93907356262207,-26.93907356262207
5828,5,0,1,29.608671188354492,-29.608671188354492
5829,4,0,1,31.24554443359375,-31.24554443359375
5830,5,0,1,30.350078582763672,-30.350078582763672
5831,6,0,1,23.126544952392578,-23.126544952392578
5832,9,0,1,29.800981521606445,-29.800981521606445
5833,3,0,1,30.92768096923828,-30.92768096923828
5834,5,0,1,30.854957580566406,-30.854957580566406
5835,3,0,1,31.797378540039062,-31.797378540039062
5836,8,0,1,26.738910675048828,-26.738910675048828
5837,2,1,0,32.012168884277344,-32.012168884277344
5838,4,0,1,25.75649642944336,-25.75649642944336
5839,2,1,0,29.13728141784668,-29.13728141784668
5840,2,1,0,32.33143997192383,-32.33143997192383
5841,6,0,1,30.68218994140625,-30.68218994140625
5842,7,0,1,27.714048385620117,-27.714048385620117
5843,6,0,1,26.09320068359375,-26.09320068359375
5844,0,0,1,31.30824089050293,-31.30824089050293
5845,5,0,1,28.10320281982422,-28.10320281982422
5846,5,0,1,33.38358688354492,-33.38358688354492
5847,8,0,1,27.79950714111328,-27.79950714111328
5848,4,0,1,26.32044219970703,-26.32044219970703
5849,5,0,1,29.63323402404785,-29.63323402404785
5850,6,0,1,31.940269470214844,-31.940269470214844
5851,1,0,1,28.160446166992188,-28.160446166992188
5852,3,0,1,34.15556335449219,-34.15556335449219
5853,5,0,1,29.645137786865234,-29.645137786865234
5854,4,0,1,30.843311309814453,-30.843311309814453
5855,7,0,1,29.158205032348633,-29.158205032348633
5856,3,0,1,29.698753356933594,-29.698753356933594
5857,0,0,1,29.867027282714844,-29.867027282714844
5858,7,0,1,29.602127075195312,-29.602127075195312
5859,2,1,0,32.08875274658203,-32.08875274658203
5860,0,0,1,28.567081451416016,-28.567081451416016
5861,1,0,1,31.64922332763672,-31.64922332763672
5862,2,1,0,32.6407470703125,-32.6407470703125
5863,4,0,1,32.60862731933594,-32.60862731933594
5864,9,0,1,25.39789581298828,-25.39789581298828
5865,6,0,1,29.531681060791016,-29.531681060791016
5866,4,0,1,32.193119049072266,-32.193119049072266
5867,5,0,1,30.98213768005371,-30.98213768005371
5868,9,0,1,29.615131378173828,-29.615131378173828
5869,7,0,1,31.7216739654541,-31.7216739654541
5870,7,0,1,31.39437484741211,-31.39437484741211
5871,6,0,1,29.439529418945312,-29.439529418945312
5872,7,0,1,29.53605842590332,-29.53605842590332
5873,4,0,1,32.62704849243164,-32.62704849243164
5874,3,0,1,34.25434875488281,-34.25434875488281
5875,1,0,1,27.99860191345215,-27.99860191345215
5876,6,0,1,29.729463577270508,-29.729463577270508
5877,9,0,1,28.20886993408203,-28.20886993408203
5878,4,0,1,32.672035217285156,-32.672035217285156
5879,8,0,1,29.799365997314453,-29.799365997314453
5880,0,0,1,34.04069519042969,-34.04069519042969
5881,3,0,1,28.57143211364746,-28.57143211364746
5882,1,0,1,22.96207046508789,-22.96207046508789
5883,6,0,1,31.618831634521484,-31.618831634521484
5884,4,0,1,33.41140365600586,-33.41140365600586
5885,4,0,1,33.442108154296875,-33.442108154296875
5886,2,1,0,37.037410736083984,-37.037410736083984
5887,1,0,1,29.615665435791016,-29.615665435791016
5888,4,0,1,28.58970832824707,-28.58970832824707
5889,6,0,1,30.42974853515625,-30.42974853515625
5890,3,0,1,32.26586151123047,-32.26586151123047
5891,0,0,1,33.23779296875,-33.23779296875
5892,8,0,1,35.20042037963867,-35.20042037963867
5893,9,0,1,30.53966522216797,-30.53966522216797
5894,7,0,1,27.410058975219727,-27.410058975219727
5895,6,0,1,27.20512580871582,-27.20512580871582
5896,8,0,1,27.86661148071289,-27.86661148071289
5897,4,0,1,32.98603057861328,-32.98603057861328
5898,8,0,1,32.18537521362305,-32.18537521362305
5899,1,0,1,28.021259307861328,-28.021259307861328
5900,4,0,1,33.999603271484375,-33.999603271484375
5901,5,0,1,29.184104919433594,-29.184104919433594
5902,9,0,1,30.163570404052734,-30.163570404052734
5903,4,0,1,27.365447998046875,-27.365447998046875
5904,7,0,1,28.727832794189453,-28.727832794189453
5905,1,0,1,22.42833709716797,-22.42833709716797
5906,4,0,1,34.519752502441406,-34.519752502441406
5907,5,0,1,30.10531234741211,-30.10531234741211
5908,3,0,1,29.0357608795166,-29.0357608795166
5909,1,0,1,27.249488830566406,-27.249488830566406
5910,2,1,0,29.45977020263672,-29.45977020263672
5911,6,0,1,31.244251251220703,-31.244251251220703
5912,4,0,1,32.2018928527832,-32.2018928527832
5913,7,0,1,31.867584228515625,-31.867584228515625
5914,1,0,1,26.434892654418945,-26.434892654418945
5915,5,0,1,27.985628128051758,-27.985628128051758
5916,9,0,1,26.955307006835938,-26.955307006835938
5917,3,0,1,31.29505157470703,-31.29505157470703
5918,1,0,1,23.76173973083496,-23.76173973083496
5919,4,0,1,29.090396881103516,-29.090396881103516
5920,8,0,1,27.144744873046875,-27.144744873046875
5921,7,0,1,31.256723403930664,-31.256723403930664
5922,7,0,1,27.712987899780273,-27.712987899780273
5923,0,0,1,29.43834114074707,-29.43834114074707
5924,4,0,1,30.191268920898438,-30.191268920898438
5925,3,0,1,29.076892852783203,-29.076892852783203
5926,4,0,1,28.23415756225586,-28.23415756225586
5927,6,0,1,31.622753143310547,-31.622753143310547
5928,7,0,1,30.886211395263672,-30.886211395263672
5929,7,0,1,27.009281158447266,-27.009281158447266
5930,5,0,1,30.542158126831055,-30.542158126831055
5931,4,0,1,32.06930160522461,-32.06930160522461
5932,4,0,1,32.9023551940918,-32.9023551940918
5933,4,0,1,31.65966796875,-31.65966796875
5934,3,0,1,27.251930236816406,-27.251930236816406
5935,6,0,1,27.905601501464844,-27.905601501464844
5936,6,0,1,28.945032119750977,-28.945032119750977
5937,1,0,1,30.121728897094727,-30.121728897094727
5938,9,0,1,28.715431213378906,-28.715431213378906
5939,9,0,1,27.557409286499023,-27.557409286499023
5940,7,0,1,32.4744987487793,-32.4744987487793
5941,9,0,1,28.117483139038086,-28.117483139038086
5942,4,0,1,30.366565704345703,-30.366565704345703
5943,3,0,1,28.7962703704834,-28.7962703704834
5944,2,1,0,36.04049301147461,-36.04049301147461
5945,9,0,1,27.725929260253906,-27.725929260253906
5946,8,0,1,29.016727447509766,-29.016727447509766
5947,5,0,1,28.91279411315918,-28.91279411315918
5948,0,0,1,32.26389694213867,-32.26389694213867
5949,6,0,1,19.572813034057617,-19.572813034057617
5950,9,0,1,26.334585189819336,-26.334585189819336
5951,0,0,1,28.399959564208984,-28.399959564208984
5952,9,0,1,26.35832977294922,-26.35832977294922
5953,7,0,1,28.484880447387695,-28.484880447387695
5954,8,0,1,27.46898651123047,-27.46898651123047
5955,5,0,1,33.517784118652344,-33.517784118652344
5956,4,0,1,31.687108993530273,-31.687108993530273
5957,4,0,1,26.69430160522461,-26.69430160522461
5958,9,0,1,27.176542282104492,-27.176542282104492
5959,4,0,1,35.620155334472656,-35.620155334472656
5960,2,1,0,27.925792694091797,-27.925792694091797
5961,6,0,1,31.503591537475586,-31.503591537475586
5962,6,0,1,24.436738967895508,-24.436738967895508
5963,9,0,1,25.68610191345215,-25.68610191345215
5964,9,0,1,22.85101318359375,-22.85101318359375
5965,7,0,1,29.500871658325195,-29.500871658325195
5966,9,0,1,24.9517765045166,-24.9517765045166
5967,9,0,1,25.666643142700195,-25.666643142700195
5968,0,0,1,29.912805557250977,-29.912805557250977
5969,5,0,1,29.37862777709961,-29.37862777709961
5970,1,0,1,29.52737808227539,-29.52737808227539
5971,1,0,1,29.59988784790039,-29.59988784790039
5972,8,0,1,29.70439910888672,-29.70439910888672
5973,6,0,1,28.322694778442383,-28.322694778442383
5974,9,0,1,24.816499710083008,-24.816499710083008
5975,9,0,1,27.615436553955078,-27.615436553955078
5976,5,0,1,29.8127498626709,-29.8127498626709
5977,6,0,1,28.51726722717285,-28.51726722717285
5978,5,0,1,29.8740177154541,-29.8740177154541
5979,5,0,1,30.304941177368164,-30.304941177368164
5980,9,0,1,26.839893341064453,-26.839893341064453
5981,7,0,1,30.871618270874023,-30.871618270874023
5982,9,0,1,26.004135131835938,-26.004135131835938
5983,4,0,1,29.254718780517578,-29.254718780517578
5984,5,0,1,29.88787078857422,-29.88787078857422
5985,4,0,1,35.600547790527344,-35.600547790527344
5986,3,0,1,31.79691505432129,-31.79691505432129
5987,3,0,1,28.892333984375,-28.892333984375
5988,9,0,1,27.84546661376953,-27.84546661376953
5989,8,0,1,29.201765060424805,-29.201765060424805
5990,8,0,1,34.645668029785156,-34.645668029785156
5991,3,0,1,33.58980178833008,-33.58980178833008
5992,4,0,1,30.5559139251709,-30.5559139251709
5993,8,0,1,30.136917114257812,-30.136917114257812
5994,4,0,1,27.990489959716797,-27.990489959716797
5995,0,0,1,30.960193634033203,-30.960193634033203
5996,4,0,1,32.42523193359375,-32.42523193359375
5997,0,0,1,34.150428771972656,-34.150428771972656
5998,7,0,1,32.70540237426758,-32.70540237426758
5999,2,1,0,33.424560546875,-33.424560546875
6000,8,0,1,30.70746612548828,-30.70746612548828
6001,0,0,1,30.465587615966797,-30.465587615966797
6002,2,1,0,27.094099044799805,-27.094099044799805
6003,0,0,1,30.75937271118164,-30.75937271118164
6004,7,0,1,30.82489013671875,-30.82489013671875
6005,4,0,1,27.929855346679688,-27.929855346679688
6006,0,0,1,31.921419143676758,-31.921419143676758
6007,6,0,1,31.658435821533203,-31.658435821533203
6008,3,0,1,27.67049789428711,-27.67049789428711
6009,3,0,1,32.03144454956055,-32.03144454956055
6010,1,0,1,32.57085037231445,-32.57085037231445
6011,7,0,1,28.52465057373047,-28.52465057373047
6012,4,0,1,33.10252380371094,-33.10252380371094
6013,6,0,1,28.10161018371582,-28.10161018371582
6014,5,0,1,27.293560028076172,-27.293560028076172
6015,0,0,1,31.90810775756836,-31.90810775756836
6016,4,0,1,29.402477264404297,-29.402477264404297
6017,9,0,1,30.203411102294922,-30.203411102294922
6018,5,0,1,30.564971923828125,-30.564971923828125
6019,6,0,1,25.63371467590332,-25.63371467590332
6020,6,0,1,30.91761589050293,-30.91761589050293
6021,3,0,1,30.412673950195312,-30.412673950195312
6022,0,0,1,29.722156524658203,-29.722156524658203
6023,5,0,1,31.425067901611328,-31.425067901611328
6024,2,1,0,31.32651710510254,-31.32651710510254
6025,6,0,1,27.05400276184082,-27.05400276184082
6026,3,0,1,26.313526153564453,-26.313526153564453
6027,3,0,1,30.637535095214844,-30.637535095214844
6028,8,0,1,30.821258544921875,-30.821258544921875
6029,0,0,1,33.04458999633789,-33.04458999633789
6030,8,0,1,24.039573669433594,-24.039573669433594
6031,5,0,1,28.759740829467773,-28.759740829467773
6032,4,0,1,33.207855224609375,-33.207855224609375
6033,2,1,0,31.08074378967285,-31.08074378967285
6034,9,0,1,26.769752502441406,-26.769752502441406
6035,5,0,1,30.96833038330078,-30.96833038330078
6036,0,0,1,31.076404571533203,-31.076404571533203
6037,5,0,1,30.378087997436523,-30.378087997436523
6038,4,0,1,31.518733978271484,-31.518733978271484
6039,8,0,1,30.144994735717773,-30.144994735717773
6040,2,1,0,28.75815200805664,-28.75815200805664
6041,7,0,1,24.235485076904297,-24.235485076904297
6042,6,0,1,28.1812744140625,-28.1812744140625
6043,5,0,1,27.16790771484375,-27.16790771484375
6044,7,0,1,32.94326400756836,-32.94326400756836
6045,8,0,1,24.915586471557617,-24.915586471557617
6046,2,1,0,32.677494049072266,-32.677494049072266
6047,0,0,1,33.98896026611328,-33.98896026611328
6048,1,0,1,26.83746337890625,-26.83746337890625
6049,8,0,1,33.08113479614258,-33.08113479614258
6050,2,1,0,35.53105163574219,-35.53105163574219
6051,4,0,1,31.555068969726562,-31.555068969726562
6052,8,0,1,33.18358612060547,-33.18358612060547
6053,4,0,1,32.886844635009766,-32.886844635009766
6054,3,0,1,30.6378116607666,-30.6378116607666
6055,0,0,1,30.458560943603516,-30.458560943603516
6056,4,0,1,30.819067001342773,-30.819067001342773
6057,0,0,1,25.2448787689209,-25.2448787689209
6058,1,0,1,22.545711517333984,-22.545711517333984
6059,9,0,1,23.492212295532227,-23.492212295532227
6060,3,0,1,35.9637565612793,-35.9637565612793
6061,0,0,1,31.54966163635254,-31.54966163635254
6062,3,0,1,30.115476608276367,-30.115476608276367
6063,6,0,1,35.21044921875,-35.21044921875
6064,5,0,1,33.469425201416016,-33.469425201416016
6065,5,0,1,30.61859703063965,-30.61859703063965
6066,2,1,0,27.954927444458008,-27.954927444458008
6067,8,0,1,32.921119689941406,-32.921119689941406
6068,5,0,1,32.95548629760742,-32.95548629760742
6069,0,0,1,31.190393447875977,-31.190393447875977
6070,8,0,1,29.564682006835938,-29.564682006835938
6071,7,0,1,35.43977355957031,-35.43977355957031
6072,5,0,1,29.174415588378906,-29.174415588378906
6073,2,1,0,35.885887145996094,-35.885887145996094
6074,4,0,1,31.042551040649414,-31.042551040649414
6075,3,0,1,29.996826171875,-29.996826171875
6076,7,0,1,26.025991439819336,-26.025991439819336
6077,0,0,1,34.87232971191406,-34.87232971191406
6078,2,1,0,32.499908447265625,-32.499908447265625
6079,3,0,1,28.848100662231445,-28.848100662231445
6080,1,0,1,24.767696380615234,-24.767696380615234
6081,0,0,1,31.80026626586914,-31.80026626586914
6082,0,0,1,30.899051666259766,-30.899051666259766
6083,2,1,0,31.906522750854492,-31.906522750854492
6084,1,0,1,28.528728485107422,-28.528728485107422
6085,2,1,0,32.26032638549805,-32.26032638549805
6086,1,0,1,26.731372833251953,-26.731372833251953
6087,4,0,1,29.939266204833984,-29.939266204833984
6088,6,0,1,30.851709365844727,-30.851709365844727
6089,7,0,1,34.692203521728516,-34.692203521728516
6090,1,0,1,27.934749603271484,-27.934749603271484
6091,0,0,1,32.138492584228516,-32.138492584228516
6092,5,0,1,28.666770935058594,-28.666770935058594
6093,2,1,0,32.587745666503906,-32.587745666503906
6094,5,0,1,28.599788665771484,-28.599788665771484
6095,9,0,1,27.652027130126953,-27.652027130126953
6096,2,1,0,32.15852355957031,-32.15852355957031
6097,5,0,1,31.690305709838867,-31.690305709838867
6098,6,0,1,30.50454330444336,-30.50454330444336
6099,7,0,1,28.54989242553711,-28.54989242553711
6100,1,0,1,28.5997314453125,-28.5997314453125
6101,9,0,1,28.422603607177734,-28.422603607177734
6102,3,0,1,28.12946891784668,-28.12946891784668
6103,6,0,1,30.571569442749023,-30.571569442749023
6104,1,0,1,31.036701202392578,-31.036701202392578
6105,0,0,1,34.04771423339844,-34.04771423339844
6106,2,1,0,26.342145919799805,-26.342145919799805
6107,9,0,1,25.83190155029297,-25.83190155029297
6108,4,0,1,34.59601974487305,-34.59601974487305
6109,2,1,0,34.59314727783203,-34.59314727783203
6110,9,0,1,24.261676788330078,-24.261676788330078
6111,3,0,1,30.514400482177734,-30.514400482177734
6112,8,0,1,29.381027221679688,-29.381027221679688
6113,2,1,0,30.192636489868164,-30.192636489868164
6114,9,0,1,28.444904327392578,-28.444904327392578
6115,8,0,1,33.345909118652344,-33.345909118652344
6116,5,0,1,30.99016761779785,-30.99016761779785
6117,1,0,1,27.917259216308594,-27.917259216308594
6118,0,0,1,36.168540954589844,-36.168540954589844
6119,1,0,1,25.592897415161133,-25.592897415161133
6120,5,0,1,28.88642120361328,-28.88642120361328
6121,2,1,0,30.174049377441406,-30.174049377441406
6122,5,0,1,31.366968154907227,-31.366968154907227
6123,6,0,1,29.210487365722656,-29.210487365722656
6124,8,0,1,34.45512008666992,-34.45512008666992
6125,8,0,1,23.815820693969727,-23.815820693969727
6126,3,0,1,28.382572174072266,-28.382572174072266
6127,5,0,1,33.491058349609375,-33.491058349609375
6128,0,0,1,29.93654441833496,-29.93654441833496
6129,4,0,1,29.40049934387207,-29.40049934387207
6130,1,0,1,28.895042419433594,-28.895042419433594
6131,3,0,1,27.911346435546875,-27.911346435546875
6132,7,0,1,27.029800415039062,-27.029800415039062
6133,0,0,1,30.044902801513672,-30.044902801513672
6134,3,0,1,31.522153854370117,-31.522153854370117
6135,3,0,1,34.60974884033203,-34.60974884033203
6136,9,0,1,33.5023307800293,-33.5023307800293
6137,2,1,0,28.613143920898438,-28.613143920898438
6138,3,0,1,28.1265869140625,-28.1265869140625
6139,9,0,1,28.173845291137695,-28.173845291137695
6140,9,0,1,28.051681518554688,-28.051681518554688
6141,8,0,1,31.032503128051758,-31.032503128051758
6142,5,0,1,31.855514526367188,-31.855514526367188
6143,9,0,1,22.755964279174805,-22.755964279174805
6144,7,0,1,31.462644577026367,-31.462644577026367
6145,2,1,0,28.979633331298828,-28.979633331298828
6146,0,0,1,33.324668884277344,-33.324668884277344
6147,9,0,1,25.633506774902344,-25.633506774902344
6148,4,0,1,31.58188247680664,-31.58188247680664
6149,7,0,1,25.994781494140625,-25.994781494140625
6150,1,0,1,30.51235008239746,-30.51235008239746
6151,7,0,1,31.666690826416016,-31.666690826416016
6152,6,0,1,30.96085548400879,-30.96085548400879
6153,4,0,1,28.104127883911133,-28.104127883911133
6154,4,0,1,29.98151397705078,-29.98151397705078
6155,8,0,1,31.862586975097656,-31.862586975097656
6156,9,0,1,27.80703353881836,-27.80703353881836
6157,0,0,1,33.0262336730957,-33.0262336730957
6158,7,0,1,31.914445877075195,-31.914445877075195
6159,1,0,1,23.217737197875977,-23.217737197875977
6160,2,1,0,28.332815170288086,-28.332815170288086
6161,4,0,1,27.27259063720703,-27.27259063720703
6162,0,0,1,30.173221588134766,-30.173221588134766
6163,3,0,1,35.188865661621094,-35.188865661621094
6164,7,0,1,32.308753967285156,-32.308753967285156
6165,5,0,1,27.82483673095703,-27.82483673095703
6166,1,0,1,29.588748931884766,-29.588748931884766
6167,9,0,1,30.726268768310547,-30.726268768310547
6168,3,0,1,30.6330623626709,-30.6330623626709
6169,5,0,1,31.365161895751953,-31.365161895751953
6170,2,1,0,33.217247009277344,-33.217247009277344
6171,4,0,1,29.530799865722656,-29.530799865722656
6172,1,0,1,26.461061477661133,-26.461061477661133
6173,1,0,1,22.67296600341797,-22.67296600341797
6174,3,0,1,32.975215911865234,-32.975215911865234
6175,3,0,1,31.079879760742188,-31.079879760742188
6176,9,0,1,25.593488693237305,-25.593488693237305
6177,2,1,0,31.204030990600586,-31.204030990600586
6178,5,0,1,31.053348541259766,-31.053348541259766
6179,8,0,1,28.940826416015625,-28.940826416015625
6180,0,0,1,31.31138038635254,-31.31138038635254
6181,8,0,1,28.21931266784668,-28.21931266784668
6182,1,0,1,29.457012176513672,-29.457012176513672
6183,5,0,1,28.31268310546875,-28.31268310546875
6184,1,0,1,31.363113403320312,-31.363113403320312
6185,5,0,1,27.40758514404297,-27.40758514404297
6186,9,0,1,30.7252197265625,-30.7252197265625
6187,0,0,1,25.975749969482422,-25.975749969482422
6188,9,0,1,23.659706115722656,-23.659706115722656
6189,2,1,0,33.2099609375,-33.2099609375
6190,4,0,1,27.97352409362793,-27.97352409362793
6191,0,0,1,33.246978759765625,-33.246978759765625
6192,6,0,1,26.579463958740234,-26.579463958740234
6193,9,0,1,27.544513702392578,-27.544513702392578
6194,1,0,1,28.695213317871094,-28.695213317871094
6195,1,0,1,28.727291107177734,-28.727291107177734
6196,3,0,1,28.165878295898438,-28.165878295898438
6197,4,0,1,32.4986686706543,-32.4986686706543
6198,9,0,1,27.44763946533203,-27.44763946533203
6199,5,0,1,32.463165283203125,-32.463165283203125
6200,3,0,1,31.093952178955078,-31.093952178955078
6201,3,0,1,35.40630340576172,-35.40630340576172
6202,3,0,1,33.59369659423828,-33.59369659423828
6203,3,0,1,32.12141036987305,-32.12141036987305
6204,4,0,1,30.05400276184082,-30.05400276184082
6205,1,0,1,29.095659255981445,-29.095659255981445
6206,5,0,1,30.284265518188477,-30.284265518188477
6207,9,0,1,27.053373336791992,-27.053373336791992
6208,8,0,1,33.60054397583008,-33.60054397583008
6209,7,0,1,28.88863182067871,-28.88863182067871
6210,4,0,1,26.38216781616211,-26.38216781616211
6211,8,0,1,25.059703826904297,-25.059703826904297
6212,7,0,1,32.00727462768555,-32.00727462768555
6213,3,0,1,32.65436935424805,-32.65436935424805
6214,5,0,1,28.5268611907959,-28.5268611907959
6215,2,1,0,30.464582443237305,-30.464582443237305
6216,5,0,1,32.16547775268555,-32.16547775268555
6217,8,0,1,31.114418029785156,-31.114418029785156
6218,9,0,1,26.38653564453125,-26.38653564453125
6219,7,0,1,26.844064712524414,-26.844064712524414
6220,2,1,0,32.648193359375,-32.648193359375
6221,0,0,1,28.186765670776367,-28.186765670776367
6222,0,0,1,22.78923797607422,-22.78923797607422
6223,7,0,1,28.15684700012207,-28.15684700012207
6224,5,0,1,29.99755859375,-29.99755859375
6225,3,0,1,29.46799087524414,-29.46799087524414
6226,5,0,1,22.476648330688477,-22.476648330688477
6227,7,0,1,29.495941162109375,-29.495941162109375
6228,4,0,1,24.203256607055664,-24.203256607055664
6229,6,0,1,29.101764678955078,-29.101764678955078
6230,2,1,0,31.96692657470703,-31.96692657470703
6231,8,0,1,27.681245803833008,-27.681245803833008
6232,2,1,0,24.778282165527344,-24.778282165527344
6233,7,0,1,30.073135375976562,-30.073135375976562
6234,7,0,1,28.58506965637207,-28.58506965637207
6235,6,0,1,27.42917251586914,-27.42917251586914
6236,1,0,1,27.245128631591797,-27.245128631591797
6237,3,0,1,29.235057830810547,-29.235057830810547
6238,8,0,1,34.217201232910156,-34.217201232910156
6239,6,0,1,31.084829330444336,-31.084829330444336
6240,2,1,0,28.403669357299805,-28.403669357299805
6241,0,0,1,31.08598518371582,-31.08598518371582
6242,4,0,1,34.419471740722656,-34.419471740722656
6243,4,0,1,31.98255729675293,-31.98255729675293
6244,8,0,1,30.514324188232422,-30.514324188232422
6245,6,0,1,28.320077896118164,-28.320077896118164
6246,4,0,1,29.859355926513672,-29.859355926513672
6247,0,0,1,32.41765213012695,-32.41765213012695
6248,2,1,0,25.02762222290039,-25.02762222290039
6249,5,0,1,31.12485694885254,-31.12485694885254
6250,4,0,1,31.165422439575195,-31.165422439575195
6251,1,0,1,28.153432846069336,-28.153432846069336
6252,2,1,0,34.11051940917969,-34.11051940917969
6253,5,0,1,31.590892791748047,-31.590892791748047
6254,4,0,1,29.897930145263672,-29.897930145263672
6255,6,0,1,29.907752990722656,-29.907752990722656
6256,9,0,1,26.670774459838867,-26.670774459838867
6257,5,0,1,30.48573875427246,-30.48573875427246
6258,0,0,1,31.285737991333008,-31.285737991333008
6259,5,0,1,31.734546661376953,-31.734546661376953
6260,2,1,0,33.1996955871582,-33.1996955871582
6261,0,0,1,27.447357177734375,-27.447357177734375
6262,8,0,1,33.801692962646484,-33.801692962646484
6263,2,1,0,35.55500030517578,-35.55500030517578
6264,6,0,1,27.902551651000977,-27.902551651000977
6265,4,0,1,26.897546768188477,-26.897546768188477
6266,7,0,1,28.223491668701172,-28.223491668701172
6267,9,0,1,28.4621639251709,-28.4621639251709
6268,5,0,1,34.00584411621094,-34.00584411621094
6269,7,0,1,29.575016021728516,-29.575016021728516
6270,2,1,0,29.777629852294922,-29.777629852294922
6271,6,0,1,32.17041778564453,-32.17041778564453
6272,2,1,0,33.241676330566406,-33.241676330566406
6273,1,0,1,30.409351348876953,-30.409351348876953
6274,9,0,1,27.359193801879883,-27.359193801879883
6275,9,0,1,28.864585876464844,-28.864585876464844
6276,7,0,1,23.367094039916992,-23.367094039916992
6277,2,1,0,35.4881591796875,-35.4881591796875
6278,5,0,1,29.391284942626953,-29.391284942626953
6279,1,0,1,26.192230224609375,-26.192230224609375
6280,8,0,1,31.797657012939453,-31.797657012939453
6281,1,0,1,28.85503387451172,-28.85503387451172
6282,6,0,1,31.48728370666504,-31.48728370666504
6283,3,0,1,32.545997619628906,-32.545997619628906
6284,0,0,1,32.105533599853516,-32.105533599853516
6285,8,0,1,32.385040283203125,-32.385040283203125
6286,8,0,1,27.028066635131836,-27.028066635131836
6287,5,0,1,30.695667266845703,-30.695667266845703
6288,6,0,1,30.953712463378906,-30.953712463378906
6289,9,0,1,26.13899040222168,-26.13899040222168
6290,9,0,1,27.87112808227539,-27.87112808227539
6291,9,0,1,30.12940216064453,-30.12940216064453
6292,6,0,1,28.240293502807617,-28.240293502807617
6293,3,0,1,30.522363662719727,-30.522363662719727
6294,0,0,1,32.17694854736328,-32.17694854736328
6295,8,0,1,33.029869079589844,-33.029869079589844
6296,8,0,1,28.310543060302734,-28.310543060302734
6297,5,0,1,30.656993865966797,-30.656993865966797
6298,3,0,1,30.197710037231445,-30.197710037231445
6299,3,0,1,32.787559509277344,-32.787559509277344
6300,1,0,1,29.818965911865234,-29.818965911865234
6301,1,0,1,27.119400024414062,-27.119400024414062
6302,0,0,1,26.548969268798828,-26.548969268798828
6303,7,0,1,31.141983032226562,-31.141983032226562
6304,0,0,1,32.30788040161133,-32.30788040161133
6305,6,0,1,30.780330657958984,-30.780330657958984
6306,0,0,1,27.90119743347168,-27.90119743347168
6307,4,0,1,27.754608154296875,-27.754608154296875
6308,4,0,1,32.85163116455078,-32.85163116455078
6309,6,0,1,28.135120391845703,-28.135120391845703
6310,5,0,1,29.9274845123291,-29.9274845123291
6311,3,0,1,27.898311614990234,-27.898311614990234
6312,2,1,0,31.392614364624023,-31.392614364624023
6313,9,0,1,26.44577407836914,-26.44577407836914
6314,6,0,1,28.727142333984375,-28.727142333984375
6315,6,0,1,25.52704620361328,-25.52704620361328
6316,7,0,1,27.23487091064453,-27.23487091064453
6317,9,0,1,29.948638916015625,-29.948638916015625
6318,7,0,1,29.375953674316406,-29.375953674316406
6319,7,0,1,28.60948371887207,-28.60948371887207
6320,0,0,1,28.925472259521484,-28.925472259521484
6321,8,0,1,27.69843864440918,-27.69843864440918
6322,4,0,1,26.071218490600586,-26.071218490600586
6323,2,1,0,32.9074821472168,-32.9074821472168
6324,7,0,1,28.081188201904297,-28.081188201904297
6325,7,0,1,27.917600631713867,-27.917600631713867
6326,7,0,1,26.80852508544922,-26.80852508544922
6327,4,0,1,29.919471740722656,-29.919471740722656
6328,0,0,1,25.652494430541992,-25.652494430541992
6329,1,0,1,26.327800750732422,-26.327800750732422
6330,6,0,1,25.951309204101562,-25.951309204101562
6331,0,0,1,31.696550369262695,-31.696550369262695
6332,5,0,1,28.123567581176758,-28.123567581176758
6333,3,0,1,29.469968795776367,-29.469968795776367
6334,0,0,1,31.492679595947266,-31.492679595947266
6335,2,1,0,32.142494201660156,-32.142494201660156
6336,4,0,1,28.657772064208984,-28.657772064208984
6337,9,0,1,27.485218048095703,-27.485218048095703
6338,7,0,1,31.874095916748047,-31.874095916748047
6339,3,0,1,27.92804718017578,-27.92804718017578
6340,3,0,1,32.6830940246582,-32.6830940246582
6341,2,1,0,30.237743377685547,-30.237743377685547
6342,8,0,1,32.60874557495117,-32.60874557495117
6343,8,0,1,31.743396759033203,-31.743396759033203
6344,5,0,1,27.422887802124023,-27.422887802124023
6345,3,0,1,32.31831359863281,-32.31831359863281
6346,8,0,1,34.65257263183594,-34.65257263183594
6347,0,0,1,30.792221069335938,-30.792221069335938
6348,8,0,1,29.718334197998047,-29.718334197998047
6349,0,0,1,29.365781784057617,-29.365781784057617
6350,0,0,1,23.051788330078125,-23.051788330078125
6351,0,0,1,35.169776916503906,-35.169776916503906
6352,2,1,0,32.84278106689453,-32.84278106689453
6353,2,1,0,31.975574493408203,-31.975574493408203
6354,7,0,1,29.15619659423828,-29.15619659423828
6355,0,0,1,30.620512008666992,-30.620512008666992
6356,7,0,1,22.38876724243164,-22.38876724243164
6357,7,0,1,30.596969604492188,-30.596969604492188
6358,7,0,1,25.386550903320312,-25.386550903320312
6359,2,1,0,24.70337677001953,-24.70337677001953
6360,2,1,0,35.22586441040039,-35.22586441040039
6361,0,0,1,32.12815856933594,-32.12815856933594
6362,4,0,1,29.27252769470215,-29.27252769470215
6363,0,0,1,28.11552619934082,-28.11552619934082
6364,3,0,1,24.196317672729492,-24.196317672729492
6365,7,0,1,31.669477462768555,-31.669477462768555
6366,8,0,1,37.308837890625,-37.308837890625
6367,4,0,1,32.40314483642578,-32.40314483642578
6368,7,0,1,29.799545288085938,-29.799545288085938
6369,9,0,1,28.96554183959961,-28.96554183959961
6370,6,0,1,30.979202270507812,-30.979202270507812
6371,1,0,1,25.299325942993164,-25.299325942993164
6372,1,0,1,29.54811668395996,-29.54811668395996
6373,6,0,1,29.772268295288086,-29.772268295288086
6374,9,0,1,29.14734649658203,-29.14734649658203
6375,3,0,1,32.905757904052734,-32.905757904052734
6376,8,0,1,30.01976203918457,-30.01976203918457
6377,9,0,1,26.83575439453125,-26.83575439453125
6378,5,0,1,29.785985946655273,-29.785985946655273
6379,8,0,1,29.810646057128906,-29.810646057128906
6380,3,0,1,29.09265899658203,-29.09265899658203
6381,9,0,1,25.57453155517578,-25.57453155517578
6382,4,0,1,34.51018524169922,-34.51018524169922
6383,3,0,1,31.954410552978516,-31.954410552978516
6384,7,0,1,29.19708251953125,-29.19708251953125
6385,5,0,1,35.33916473388672,-35.33916473388672
6386,5,0,1,30.347984313964844,-30.347984313964844
6387,2,1,0,32.551780700683594,-32.551780700683594
6388,7,0,1,26.873149871826172,-26.873149871826172
6389,5,0,1,29.78238868713379,-29.78238868713379
6390,7,0,1,27.817676544189453,-27.817676544189453
6391,9,0,1,26.80328369140625,-26.80328369140625
6392,6,0,1,29.307252883911133,-29.307252883911133
6393,3,0,1,31.117368698120117,-31.117368698120117
6394,0,0,1,30.072290420532227,-30.072290420532227
6395,8,0,1,31.70885467529297,-31.70885467529297
6396,4,0,1,30.65829849243164,-30.65829849243164
6397,5,0,1,27.623043060302734,-27.623043060302734
6398,6,0,1,33.650146484375,-33.650146484375
6399,1,0,1,29.559720993041992,-29.559720993041992
6400,0,0,1,28.99057960510254,-28.99057960510254
6401,4,0,1,29.251995086669922,-29.251995086669922
6402,8,0,1,30.515607833862305,-30.515607833862305
6403,4,0,1,31.744401931762695,-31.744401931762695
6404,7,0,1,29.369426727294922,-29.369426727294922
6405,1,0,1,28.84467315673828,-28.84467315673828
6406,3,0,1,27.22065544128418,-27.22065544128418
6407,2,1,0,33.05788803100586,-33.05788803100586
6408,0,0,1,32.95381546020508,-32.95381546020508
6409,9,0,1,27.209917068481445,-27.209917068481445
6410,1,0,1,25.64134979248047,-25.64134979248047
6411,8,0,1,29.741357803344727,-29.741357803344727
6412,8,0,1,30.220407485961914,-30.220407485961914
6413,6,0,1,28.172393798828125,-28.172393798828125
6414,8,0,1,32.121238708496094,-32.121238708496094
6415,1,0,1,30.811691284179688,-30.811691284179688
6416,7,0,1,30.323657989501953,-30.323657989501953
6417,1,0,1,26.673738479614258,-26.673738479614258
6418,0,0,1,30.971460342407227,-30.971460342407227
6419,9,0,1,29.211181640625,-29.211181640625
6420,7,0,1,30.54315948486328,-30.54315948486328
6421,6,0,1,31.451875686645508,-31.451875686645508
6422,4,0,1,36.60211944580078,-36.60211944580078
6423,5,0,1,34.79439163208008,-34.79439163208008
6424,8,0,1,35.776058197021484,-35.776058197021484
6425,2,1,0,30.051284790039062,-30.051284790039062
6426,1,0,1,31.321823120117188,-31.321823120117188
6427,2,1,0,29.912878036499023,-29.912878036499023
6428,5,0,1,29.68437957763672,-29.68437957763672
6429,8,0,1,26.46564292907715,-26.46564292907715
6430,1,0,1,28.969749450683594,-28.969749450683594
6431,1,0,1,30.286273956298828,-30.286273956298828
6432,8,0,1,31.750093460083008,-31.750093460083008
6433,8,0,1,32.84636306762695,-32.84636306762695
6434,0,0,1,30.006938934326172,-30.006938934326172
6435,9,0,1,26.646900177001953,-26.646900177001953
6436,0,0,1,31.430505752563477,-31.430505752563477
6437,0,0,1,28.79955291748047,-28.79955291748047
6438,4,0,1,32.96791076660156,-32.96791076660156
6439,3,0,1,29.69346809387207,-29.69346809387207
6440,3,0,1,30.37558364868164,-30.37558364868164
6441,5,0,1,30.660083770751953,-30.660083770751953
6442,6,0,1,32.488468170166016,-32.488468170166016
6443,6,0,1,26.625900268554688,-26.625900268554688
6444,3,0,1,29.985214233398438,-29.985214233398438
6445,1,0,1,29.197927474975586,-29.197927474975586
6446,4,0,1,32.393062591552734,-32.393062591552734
6447,4,0,1,33.010276794433594,-33.010276794433594
6448,7,0,1,29.536867141723633,-29.536867141723633
6449,8,0,1,27.69209098815918,-27.69209098815918
6450,0,0,1,29.74617576599121,-29.74617576599121
6451,1,0,1,29.024517059326172,-29.024517059326172
6452,4,0,1,30.72397804260254,-30.72397804260254
6453,8,0,1,28.060775756835938,-28.060775756835938
6454,4,0,1,32.37882614135742,-32.37882614135742
6455,6,0,1,30.52530860900879,-30.52530860900879
6456,2,1,0,34.1175537109375,-34.1175537109375
6457,2,1,0,31.173492431640625,-31.173492431640625
6458,2,1,0,32.01601791381836,-32.01601791381836
6459,6,0,1,28.698383331298828,-28.698383331298828
6460,3,0,1,30.29654312133789,-30.29654312133789
6461,4,0,1,32.791385650634766,-32.791385650634766
6462,0,0,1,28.064170837402344,-28.064170837402344
6463,8,0,1,31.82862663269043,-31.82862663269043
6464,1,0,1,26.391080856323242,-26.391080856323242
6465,3,0,1,29.072744369506836,-29.072744369506836
6466,8,0,1,30.73970603942871,-30.73970603942871
6467,3,0,1,27.270206451416016,-27.270206451416016
6468,8,0,1,30.542795181274414,-30.542795181274414
6469,9,0,1,33.226036071777344,-33.226036071777344
6470,1,0,1,23.084945678710938,-23.084945678710938
6471,6,0,1,23.554851531982422,-23.554851531982422
6472,1,0,1,32.480464935302734,-32.480464935302734
6473,9,0,1,28.443025588989258,-28.443025588989258
6474,8,0,1,33.440608978271484,-33.440608978271484
6475,2,1,0,28.55146026611328,-28.55146026611328
6476,0,0,1,30.910236358642578,-30.910236358642578
6477,4,0,1,28.99534034729004,-28.99534034729004
6478,7,0,1,26.6883487701416,-26.6883487701416
6479,4,0,1,31.07011604309082,-31.07011604309082
6480,0,0,1,29.190189361572266,-29.190189361572266
6481,0,0,1,30.103206634521484,-30.103206634521484
6482,7,0,1,24.172006607055664,-24.172006607055664
6483,6,0,1,32.13884735107422,-32.13884735107422
6484,8,0,1,32.2379264831543,-32.2379264831543
6485,9,0,1,31.19839859008789,-31.19839859008789
6486,8,0,1,30.637666702270508,-30.637666702270508
6487,6,0,1,27.884777069091797,-27.884777069091797
6488,2,1,0,31.937301635742188,-31.937301635742188
6489,8,0,1,31.250438690185547,-31.250438690185547
6490,8,0,1,30.000635147094727,-30.000635147094727
6491,0,0,1,32.326507568359375,-32.326507568359375
6492,1,0,1,28.701602935791016,-28.701602935791016
6493,1,0,1,30.70698356628418,-30.70698356628418
6494,0,0,1,32.43642807006836,-32.43642807006836
6495,7,0,1,30.973495483398438,-30.973495483398438
6496,7,0,1,27.92073631286621,-27.92073631286621
6497,4,0,1,29.678876876831055,-29.678876876831055
6498,4,0,1,28.669137954711914,-28.669137954711914
6499,7,0,1,28.28812026977539,-28.28812026977539
6500,7,0,1,28.426353454589844,-28.426353454589844
6501,2,1,0,34.17985153198242,-34.17985153198242
6502,6,0,1,32.15779113769531,-32.15779113769531
6503,6,0,1,28.242036819458008,-28.242036819458008
6504,7,0,1,33.53568649291992,-33.53568649291992
6505,4,0,1,33.40824890136719,-33.40824890136719
6506,5,0,1,28.16293716430664,-28.16293716430664
6507,4,0,1,32.35850143432617,-32.35850143432617
6508,0,0,1,29.014644622802734,-29.014644622802734
6509,9,0,1,26.613895416259766,-26.613895416259766
6510,4,0,1,25.650819778442383,-25.650819778442383
6511,7,0,1,27.218875885009766,-27.218875885009766
6512,2,1,0,34.7698860168457,-34.7698860168457
6513,5,0,1,28.31712532043457,-28.31712532043457
6514,3,0,1,32.85037612915039,-32.85037612915039
6515,2,1,0,31.94610595703125,-31.94610595703125
6516,2,1,0,33.61842727661133,-33.61842727661133
6517,7,0,1,30.121475219726562,-30.121475219726562
6518,6,0,1,32.80765151977539,-32.80765151977539
6519,2,1,0,33.852928161621094,-33.852928161621094
6520,6,0,1,31.199527740478516,-31.199527740478516
6521,4,0,1,32.728092193603516,-32.728092193603516
6522,9,0,1,30.811979293823242,-30.811979293823242
6523,6,0,1,29.374290466308594,-29.374290466308594
6524,8,0,1,34.49333190917969,-34.49333190917969
6525,3,0,1,26.715038299560547,-26.715038299560547
6526,8,0,1,30.208284378051758,-30.208284378051758
6527,5,0,1,27.35605239868164,-27.35605239868164
6528,5,0,1,29.853322982788086,-29.853322982788086
6529,2,1,0,29.849496841430664,-29.849496841430664
6530,3,0,1,30.491945266723633,-30.491945266723633
6531,4,0,1,30.538108825683594,-30.538108825683594
6532,5,0,1,28.123111724853516,-28.123111724853516
6533,2,1,0,32.74509811401367,-32.74509811401367
6534,7,0,1,30.78255844116211,-30.78255844116211
6535,5,0,1,27.84566879272461,-27.84566879272461
6536,1,0,1,28.567283630371094,-28.567283630371094
6537,5,0,1,34.18177032470703,-34.18177032470703
6538,3,0,1,33.75944519042969,-33.75944519042969
6539,7,0,1,30.759166717529297,-30.759166717529297
6540,8,0,1,33.723838806152344,-33.723838806152344
6541,8,0,1,33.74055099487305,-33.74055099487305
6542,9,0,1,26.63631820678711,-26.63631820678711
6543,6,0,1,28.036542892456055,-28.036542892456055
6544,0,0,1,31.87727928161621,-31.87727928161621
6545,9,0,1,29.09679412841797,-29.09679412841797
6546,2,1,0,31.220441818237305,-31.220441818237305
6547,6,0,1,28.491830825805664,-28.491830825805664
6548,0,0,1,30.856069564819336,-30.856069564819336
6549,0,0,1,37.50241470336914,-37.50241470336914
6550,1,0,1,27.7686824798584,-27.7686824798584
6551,4,0,1,32.72078323364258,-32.72078323364258
6552,1,0,1,30.59193992614746,-30.59193992614746
6553,3,0,1,31.488075256347656,-31.488075256347656
6554,5,0,1,28.73191261291504,-28.73191261291504
6555,1,0,1,26.92461585998535,-26.92461585998535
6556,8,0,1,29.538320541381836,-29.538320541381836
6557,9,0,1,29.100727081298828,-29.100727081298828
6558,6,0,1,28.80052947998047,-28.80052947998047
6559,2,1,0,31.906963348388672,-31.906963348388672
6560,6,0,1,24.665775299072266,-24.665775299072266
6561,9,0,1,28.76598358154297,-28.76598358154297
6562,5,0,1,30.02763557434082,-30.02763557434082
6563,6,0,1,24.348421096801758,-24.348421096801758
6564,5,0,1,33.42049789428711,-33.42049789428711
6565,9,0,1,24.808652877807617,-24.808652877807617
6566,1,0,1,23.130420684814453,-23.130420684814453
6567,4,0,1,31.36712646484375,-31.36712646484375
6568,2,1,0,33.37043380737305,-33.37043380737305
6569,8,0,1,28.077289581298828,-28.077289581298828
6570,9,0,1,27.848737716674805,-27.848737716674805
6571,5,0,1,30.426406860351562,-30.426406860351562
6572,4,0,1,32.29826736450195,-32.29826736450195
6573,7,0,1,31.83974266052246,-31.83974266052246
6574,0,0,1,33.8060302734375,-33.8060302734375
6575,3,0,1,30.416763305664062,-30.416763305664062
6576,7,0,1,27.15758514404297,-27.15758514404297
6577,1,0,1,26.83421516418457,-26.83421516418457
6578,6,0,1,27.798585891723633,-27.798585891723633
6579,9,0,1,26.9542236328125,-26.9542236328125
6580,1,0,1,30.626007080078125,-30.626007080078125
6581,1,0,1,25.879865646362305,-25.879865646362305
6582,4,0,1,29.85575294494629,-29.85575294494629
6583,0,0,1,30.453418731689453,-30.453418731689453
6584,5,0,1,26.161792755126953,-26.161792755126953
6585,1,0,1,26.151504516601562,-26.151504516601562
6586,6,0,1,28.534635543823242,-28.534635543823242
6587,3,0,1,31.12199592590332,-31.12199592590332
6588,0,0,1,30.320236206054688,-30.320236206054688
6589,2,1,0,31.333763122558594,-31.333763122558594
6590,5,0,1,28.557315826416016,-28.557315826416016
6591,5,0,1,31.3663330078125,-31.3663330078125
6592,5,0,1,28.93121337890625,-28.93121337890625
6593,2,1,0,30.140565872192383,-30.140565872192383
6594,8,0,1,30.380643844604492,-30.380643844604492
6595,2,1,0,30.853792190551758,-30.853792190551758
6596,3,0,1,28.100948333740234,-28.100948333740234
6597,1,0,1,26.356477737426758,-26.356477737426758
6598,6,0,1,30.2902889251709,-30.2902889251709
6599,2,1,0,30.833934783935547,-30.833934783935547
6600,7,0,1,27.997217178344727,-27.997217178344727
6601,0,0,1,29.750146865844727,-29.750146865844727
6602,8,0,1,30.662382125854492,-30.662382125854492
6603,9,0,1,28.350662231445312,-28.350662231445312
6604,2,1,0,29.515918731689453,-29.515918731689453
6605,6,0,1,26.99651527404785,-26.99651527404785
6606,4,0,1,32.015289306640625,-32.015289306640625
6607,7,0,1,29.89273452758789,-29.89273452758789
6608,5,0,1,35.50537109375,-35.50537109375
6609,5,0,1,32.50001907348633,-32.50001907348633
6610,8,0,1,28.152477264404297,-28.152477264404297
6611,8,0,1,29.65321159362793,-29.65321159362793
6612,7,0,1,28.16811752319336,-28.16811752319336
6613,8,0,1,28.36420440673828,-28.36420440673828
6614,5,0,1,29.615201950073242,-29.615201950073242
6615,7,0,1,28.71445655822754,-28.71445655822754
6616,4,0,1,31.421600341796875,-31.421600341796875
6617,4,0,1,30.342782974243164,-30.342782974243164
6618,0,0,1,30.500017166137695,-30.500017166137695
6619,0,0,1,29.083385467529297,-29.083385467529297
6620,7,0,1,30.235942840576172,-30.235942840576172
6621,0,0,1,31.069507598876953,-31.069507598876953
6622,4,0,1,32.30996322631836,-32.30996322631836
6623,0,0,1,31.96966552734375,-31.96966552734375
6624,4,0,1,30.15239143371582,-30.15239143371582
6625,4,0,1,32.76362609863281,-32.76362609863281
6626,2,1,0,33.336212158203125,-33.336212158203125
6627,5,0,1,34.3087158203125,-34.3087158203125
6628,4,0,1,33.04806137084961,-33.04806137084961
6629,0,0,1,30.38289451599121,-30.38289451599121
6630,7,0,1,29.73480224609375,-29.73480224609375
6631,7,0,1,32.93144226074219,-32.93144226074219
6632,7,0,1,26.667526245117188,-26.667526245117188
6633,0,0,1,28.239559173583984,-28.239559173583984
6634,4,0,1,29.09808349609375,-29.09808349609375
6635,6,0,1,31.059804916381836,-31.059804916381836
6636,2,1,0,33.80201721191406,-33.80201721191406
6637,9,0,1,26.461658477783203,-26.461658477783203
6638,1,0,1,29.15635871887207,-29.15635871887207
6639,1,0,1,27.35391616821289,-27.35391616821289
6640,5,0,1,31.17586898803711,-31.17586898803711
6641,0,0,1,30.685258865356445,-30.685258865356445
6642,9,0,1,30.421005249023438,-30.421005249023438
6643,1,0,1,23.89544105529785,-23.89544105529785
6644,0,0,1,36.45640182495117,-36.45640182495117
6645,6,0,1,30.220495223999023,-30.220495223999023
6646,5,0,1,32.148956298828125,-32.148956298828125
6647,3,0,1,31.607620239257812,-31.607620239257812
6648,0,0,1,34.33514404296875,-34.33514404296875
6649,9,0,1,28.8471622467041,-28.8471622467041
6650,0,0,1,32.18903350830078,-32.18903350830078
6651,6,0,1,33.1592903137207,-33.1592903137207
6652,2,1,0,26.612712860107422,-26.612712860107422
6653,0,0,1,35.744140625,-35.744140625
6654,4,0,1,27.36473846435547,-27.36473846435547
6655,1,0,1,26.307371139526367,-26.307371139526367
6656,6,0,1,30.471744537353516,-30.471744537353516
6657,7,0,1,30.861804962158203,-30.861804962158203
6658,6,0,1,30.750877380371094,-30.750877380371094
6659,1,0,1,23.796142578125,-23.796142578125
6660,0,0,1,27.064857482910156,-27.064857482910156
6661,4,0,1,33.11579132080078,-33.11579132080078
6662,6,0,1,31.148679733276367,-31.148679733276367
6663,0,0,1,30.11254119873047,-30.11254119873047
6664,4,0,1,30.945850372314453,-30.945850372314453
6665,4,0,1,31.338905334472656,-31.338905334472656
6666,2,1,0,34.797828674316406,-34.797828674316406
6667,7,0,1,27.807544708251953,-27.807544708251953
6668,6,0,1,24.505836486816406,-24.505836486816406
6669,5,0,1,33.354454040527344,-33.354454040527344
6670,3,0,1,33.252166748046875,-33.252166748046875
6671,5,0,1,32.33879852294922,-32.33879852294922
6672,9,0,1,23.674299240112305,-23.674299240112305
6673,4,0,1,33.452781677246094,-33.452781677246094
6674,5,0,1,31.3056583404541,-31.3056583404541
6675,2,1,0,25.28726577758789,-25.28726577758789
6676,0,0,1,31.249696731567383,-31.249696731567383
6677,5,0,1,29.716575622558594,-29.716575622558594
6678,7,0,1,28.68305778503418,-28.68305778503418
6679,2,1,0,31.310089111328125,-31.310089111328125
6680,3,0,1,30.07501220703125,-30.07501220703125
6681,9,0,1,30.12946128845215,-30.12946128845215
6682,4,0,1,34.14426040649414,-34.14426040649414
6683,5,0,1,30.70174789428711,-30.70174789428711
6684,8,0,1,26.106163024902344,-26.106163024902344
6685,1,0,1,29.763931274414062,-29.763931274414062
6686,9,0,1,29.066097259521484,-29.066097259521484
6687,3,0,1,30.22612762451172,-30.22612762451172
6688,1,0,1,27.02353286743164,-27.02353286743164
6689,8,0,1,33.17921829223633,-33.17921829223633
6690,5,0,1,35.231544494628906,-35.231544494628906
6691,8,0,1,28.939912796020508,-28.939912796020508
6692,6,0,1,24.108652114868164,-24.108652114868164
6693,6,0,1,28.389545440673828,-28.389545440673828
6694,3,0,1,26.968719482421875,-26.968719482421875
6695,4,0,1,32.73944091796875,-32.73944091796875
6696,0,0,1,34.019195556640625,-34.019195556640625
6697,2,1,0,29.943002700805664,-29.943002700805664
6698,3,0,1,29.474443435668945,-29.474443435668945
6699,2,1,0,36.22490310668945,-36.22490310668945
6700,6,0,1,29.746536254882812,-29.746536254882812
6701,1,0,1,25.501630783081055,-25.501630783081055
6702,8,0,1,26.078569412231445,-26.078569412231445
6703,2,1,0,29.48055648803711,-29.48055648803711
6704,1,0,1,29.446949005126953,-29.446949005126953
6705,3,0,1,31.11396026611328,-31.11396026611328
6706,6,0,1,29.325754165649414,-29.325754165649414
6707,2,1,0,33.573143005371094,-33.573143005371094
6708,2,1,0,32.342926025390625,-32.342926025390625
6709,3,0,1,29.751075744628906,-29.751075744628906
6710,3,0,1,30.058712005615234,-30.058712005615234
6711,5,0,1,27.642784118652344,-27.642784118652344
6712,0,0,1,29.657344818115234,-29.657344818115234
6713,2,1,0,30.75692367553711,-30.75692367553711
6714,1,0,1,29.192472457885742,-29.192472457885742
6715,2,1,0,26.539749145507812,-26.539749145507812
6716,8,0,1,34.43562698364258,-34.43562698364258
6717,0,0,1,25.66295623779297,-25.66295623779297
6718,8,0,1,27.881473541259766,-27.881473541259766
6719,2,1,0,27.227811813354492,-27.227811813354492
6720,2,1,0,33.43310546875,-33.43310546875
6721,7,0,1,25.651458740234375,-25.651458740234375
6722,3,0,1,31.49850845336914,-31.49850845336914
6723,5,0,1,30.791637420654297,-30.791637420654297
6724,9,0,1,29.033437728881836,-29.033437728881836
6725,8,0,1,26.16501235961914,-26.16501235961914
6726,3,0,1,29.815532684326172,-29.815532684326172
6727,6,0,1,28.13849449157715,-28.13849449157715
6728,1,0,1,29.047958374023438,-29.047958374023438
6729,0,0,1,25.322391510009766,-25.322391510009766
6730,8,0,1,26.135902404785156,-26.135902404785156
6731,6,0,1,30.122119903564453,-30.122119903564453
6732,3,0,1,31.769630432128906,-31.769630432128906
6733,5,0,1,27.853023529052734,-27.853023529052734
6734,8,0,1,32.764156341552734,-32.764156341552734
6735,9,0,1,26.04984474182129,-26.04984474182129
6736,4,0,1,34.07164001464844,-34.07164001464844
6737,8,0,1,27.43633270263672,-27.43633270263672
6738,0,0,1,30.94609832763672,-30.94609832763672
6739,0,0,1,29.26102066040039,-29.26102066040039
6740,2,1,0,33.21818542480469,-33.21818542480469
6741,9,0,1,30.290939331054688,-30.290939331054688
6742,1,0,1,25.065990447998047,-25.065990447998047
6743,8,0,1,29.3143310546875,-29.3143310546875
6744,3,0,1,31.81767463684082,-31.81767463684082
6745,7,0,1,22.952672958374023,-22.952672958374023
6746,2,1,0,29.541854858398438,-29.541854858398438
6747,8,0,1,26.296188354492188,-26.296188354492188
6748,0,0,1,30.24581527709961,-30.24581527709961
6749,9,0,1,24.441930770874023,-24.441930770874023
6750,4,0,1,33.12268829345703,-33.12268829345703
6751,8,0,1,33.40102767944336,-33.40102767944336
6752,9,0,1,31.104633331298828,-31.104633331298828
6753,4,0,1,28.978599548339844,-28.978599548339844
6754,8,0,1,31.791473388671875,-31.791473388671875
6755,9,0,1,27.513080596923828,-27.513080596923828
6756,5,0,1,28.280120849609375,-28.280120849609375
6757,4,0,1,28.693761825561523,-28.693761825561523
6758,8,0,1,32.91473388671875,-32.91473388671875
6759,1,0,1,26.763519287109375,-26.763519287109375
6760,5,0,1,32.18511962890625,-32.18511962890625
6761,5,0,1,28.206268310546875,-28.206268310546875
6762,7,0,1,32.61014175415039,-32.61014175415039
6763,2,1,0,34.32292556762695,-34.32292556762695
6764,5,0,1,27.791515350341797,-27.791515350341797
6765,8,0,1,26.039989471435547,-26.039989471435547
6766,8,0,1,30.640789031982422,-30.640789031982422
6767,1,0,1,29.866241455078125,-29.866241455078125
6768,2,1,0,35.43337631225586,-35.43337631225586
6769,3,0,1,31.284950256347656,-31.284950256347656
6770,1,0,1,25.592365264892578,-25.592365264892578
6771,5,0,1,26.523754119873047,-26.523754119873047
6772,0,0,1,27.617645263671875,-27.617645263671875
6773,2,1,0,32.121238708496094,-32.121238708496094
6774,3,0,1,27.507152557373047,-27.507152557373047
6775,0,0,1,32.235137939453125,-32.235137939453125
6776,8,0,1,30.106884002685547,-30.106884002685547
6777,2,1,0,33.223480224609375,-33.223480224609375
6778,2,1,0,36.538055419921875,-36.538055419921875
6779,8,0,1,25.139148712158203,-25.139148712158203
6780,7,0,1,30.18071174621582,-30.18071174621582
6781,3,0,1,32.358428955078125,-32.358428955078125
6782,5,0,1,33.5511474609375,-33.5511474609375
6783,3,0,1,25.805091857910156,-25.805091857910156
6784,9,0,1,29.09153938293457,-29.09153938293457
6785,6,0,1,29.126182556152344,-29.126182556152344
6786,3,0,1,32.11983108520508,-32.11983108520508
6787,5,0,1,25.3579044342041,-25.3579044342041
6788,1,0,1,26.212568283081055,-26.212568283081055
6789,1,0,1,30.348474502563477,-30.348474502563477
6790,7,0,1,29.756977081298828,-29.756977081298828
6791,7,0,1,27.954145431518555,-27.954145431518555
6792,3,0,1,27.661787033081055,-27.661787033081055
6793,3,0,1,35.05217742919922,-35.05217742919922
6794,8,0,1,29.900165557861328,-29.900165557861328
6795,9,0,1,28.91865348815918,-28.91865348815918
6796,6,0,1,31.8262939453125,-31.8262939453125
6797,0,0,1,29.34381866455078,-29.34381866455078
6798,8,0,1,26.845203399658203,-26.845203399658203
6799,0,0,1,31.077877044677734,-31.077877044677734
6800,6,0,1,31.336898803710938,-31.336898803710938
6801,6,0,1,21.93490982055664,-21.93490982055664
6802,4,0,1,33.10380172729492,-33.10380172729492
6803,6,0,1,34.356178283691406,-34.356178283691406
6804,9,0,1,28.73598289489746,-28.73598289489746
6805,1,0,1,30.5684871673584,-30.5684871673584
6806,1,0,1,27.312652587890625,-27.312652587890625
6807,7,0,1,32.53351593017578,-32.53351593017578
6808,0,0,1,33.66257858276367,-33.66257858276367
6809,6,0,1,31.833572387695312,-31.833572387695312
6810,8,0,1,31.785566329956055,-31.785566329956055
6811,9,0,1,28.064002990722656,-28.064002990722656
6812,0,0,1,29.05264663696289,-29.05264663696289
6813,6,0,1,27.909412384033203,-27.909412384033203
6814,9,0,1,22.223188400268555,-22.223188400268555
6815,0,0,1,32.237979888916016,-32.237979888916016
6816,1,0,1,27.446659088134766,-27.446659088134766
6817,1,0,1,29.3033390045166,-29.3033390045166
6818,7,0,1,27.9465274810791,-27.9465274810791
6819,2,1,0,31.441814422607422,-31.441814422607422
6820,1,0,1,23.87303352355957,-23.87303352355957
6821,0,0,1,29.580543518066406,-29.580543518066406
6822,4,0,1,30.878276824951172,-30.878276824951172
6823,5,0,1,30.552448272705078,-30.552448272705078
6824,0,0,1,34.866981506347656,-34.866981506347656
6825,3,0,1,31.477516174316406,-31.477516174316406
6826,6,0,1,27.636035919189453,-27.636035919189453
6827,3,0,1,30.51848602294922,-30.51848602294922
6828,3,0,1,29.41117286682129,-29.41117286682129
6829,8,0,1,33.03036880493164,-33.03036880493164
6830,1,0,1,26.765127182006836,-26.765127182006836
6831,8,0,1,32.197811126708984,-32.197811126708984
6832,1,0,1,21.84444236755371,-21.84444236755371
6833,3,0,1,30.285640716552734,-30.285640716552734
6834,1,0,1,30.2426815032959,-30.2426815032959
6835,5,0,1,29.11749267578125,-29.11749267578125
6836,4,0,1,29.149980545043945,-29.149980545043945
6837,5,0,1,32.49912643432617,-32.49912643432617
6838,1,0,1,26.843528747558594,-26.843528747558594
6839,8,0,1,31.763246536254883,-31.763246536254883
6840,9,0,1,26.558059692382812,-26.558059692382812
6841,1,0,1,26.703672409057617,-26.703672409057617
6842,3,0,1,30.198619842529297,-30.198619842529297
6843,1,0,1,29.200069427490234,-29.200069427490234
6844,7,0,1,28.776124954223633,-28.776124954223633
6845,2,1,0,30.644752502441406,-30.644752502441406
6846,9,0,1,25.416580200195312,-25.416580200195312
6847,8,0,1,29.663454055786133,-29.663454055786133
6848,9,0,1,31.064586639404297,-31.064586639404297
6849,4,0,1,30.895919799804688,-30.895919799804688
6850,6,0,1,32.882423400878906,-32.882423400878906
6851,0,0,1,29.150840759277344,-29.150840759277344
6852,9,0,1,29.59604263305664,-29.59604263305664
6853,4,0,1,28.3005313873291,-28.3005313873291
6854,0,0,1,25.21198081970215,-25.21198081970215
6855,4,0,1,31.249954223632812,-31.249954223632812
6856,6,0,1,31.14871597290039,-31.14871597290039
6857,2,1,0,31.651430130004883,-31.651430130004883
6858,1,0,1,32.83952713012695,-32.83952713012695
6859,3,0,1,31.0249080657959,-31.0249080657959
6860,0,0,1,31.92839241027832,-31.92839241027832
6861,8,0,1,29.861465454101562,-29.861465454101562
6862,5,0,1,31.451671600341797,-31.451671600341797
6863,6,0,1,30.486772537231445,-30.486772537231445
6864,0,0,1,21.6633243560791,-21.6633243560791
6865,3,0,1,31.541210174560547,-31.541210174560547
6866,4,0,1,30.966522216796875,-30.966522216796875
6867,6,0,1,21.512710571289062,-21.512710571289062
6868,9,0,1,29.311216354370117,-29.311216354370117
6869,5,0,1,33.30936813354492,-33.30936813354492
6870,7,0,1,30.02477264404297,-30.02477264404297
6871,9,0,1,28.521484375,-28.521484375
6872,0,0,1,30.406755447387695,-30.406755447387695
6873,3,0,1,33.753177642822266,-33.753177642822266
6874,6,0,1,34.31707763671875,-34.31707763671875
6875,5,0,1,29.73819923400879,-29.73819923400879
6876,7,0,1,28.780412673950195,-28.780412673950195
6877,0,0,1,29.815170288085938,-29.815170288085938
6878,5,0,1,31.268558502197266,-31.268558502197266
6879,1,0,1,30.3656005859375,-30.3656005859375
6880,2,1,0,27.378644943237305,-27.378644943237305
6881,2,1,0,30.49627685546875,-30.49627685546875
6882,9,0,1,27.220773696899414,-27.220773696899414
6883,7,0,1,27.607139587402344,-27.607139587402344
6884,0,0,1,32.34370422363281,-32.34370422363281
6885,0,0,1,30.288244247436523,-30.288244247436523
6886,1,0,1,28.10511016845703,-28.10511016845703
6887,4,0,1,32.042686462402344,-32.042686462402344
6888,4,0,1,32.92513656616211,-32.92513656616211
6889,5,0,1,28.127716064453125,-28.127716064453125
6890,5,0,1,27.29608154296875,-27.29608154296875
6891,9,0,1,29.070999145507812,-29.070999145507812
6892,6,0,1,29.11893081665039,-29.11893081665039
6893,3,0,1,31.695507049560547,-31.695507049560547
6894,6,0,1,31.71307373046875,-31.71307373046875
6895,2,1,0,31.11388397216797,-31.11388397216797
6896,6,0,1,29.337247848510742,-29.337247848510742
6897,9,0,1,29.417001724243164,-29.417001724243164
6898,3,0,1,28.57718276977539,-28.57718276977539
6899,2,1,0,27.395193099975586,-27.395193099975586
6900,3,0,1,24.754436492919922,-24.754436492919922
6901,2,1,0,30.623451232910156,-30.623451232910156
6902,4,0,1,31.433792114257812,-31.433792114257812
6903,9,0,1,30.375686645507812,-30.375686645507812
6904,5,0,1,27.986873626708984,-27.986873626708984
6905,2,1,0,34.33452606201172,-34.33452606201172
6906,1,0,1,26.45273780822754,-26.45273780822754
6907,6,0,1,28.17616844177246,-28.17616844177246
6908,6,0,1,33.20270538330078,-33.20270538330078
6909,4,0,1,31.115320205688477,-31.115320205688477
6910,7,0,1,31.91054916381836,-31.91054916381836
6911,6,0,1,24.79186248779297,-24.79186248779297
6912,3,0,1,26.147933959960938,-26.147933959960938
6913,3,0,1,28.07805824279785,-28.07805824279785
6914,8,0,1,35.18999481201172,-35.18999481201172
6915,1,0,1,30.417308807373047,-30.417308807373047
6916,4,0,1,28.15682601928711,-28.15682601928711
6917,6,0,1,30.852214813232422,-30.852214813232422
6918,4,0,1,31.346099853515625,-31.346099853515625
6919,4,0,1,33.869873046875,-33.869873046875
6920,5,0,1,32.72217559814453,-32.72217559814453
6921,6,0,1,26.462385177612305,-26.462385177612305
6922,2,1,0,24.72804069519043,-24.72804069519043
6923,0,0,1,30.399673461914062,-30.399673461914062
6924,5,0,1,29.735029220581055,-29.735029220581055
6925,2,1,0,29.16098403930664,-29.16098403930664
6926,7,0,1,27.749990463256836,-27.749990463256836
6927,5,0,1,28.155181884765625,-28.155181884765625
6928,2,1,0,34.82243728637695,-34.82243728637695
6929,5,0,1,30.292797088623047,-30.292797088623047
6930,2,1,0,32.32798385620117,-32.32798385620117
6931,5,0,1,32.706512451171875,-32.706512451171875
6932,9,0,1,23.1064510345459,-23.1064510345459
6933,0,0,1,20.449792861938477,-20.449792861938477
6934,6,0,1,30.70006561279297,-30.70006561279297
6935,7,0,1,27.322311401367188,-27.322311401367188
6936,9,0,1,27.793743133544922,-27.793743133544922
6937,8,0,1,31.65242576599121,-31.65242576599121
6938,3,0,1,31.308368682861328,-31.308368682861328
6939,2,1,0,35.98765182495117,-35.98765182495117
6940,1,0,1,27.69878387451172,-27.69878387451172
6941,4,0,1,31.843923568725586,-31.843923568725586
6942,3,0,1,31.487642288208008,-31.487642288208008
6943,4,0,1,31.865211486816406,-31.865211486816406
6944,5,0,1,28.24435043334961,-28.24435043334961
6945,5,0,1,29.881805419921875,-29.881805419921875
6946,6,0,1,32.966880798339844,-32.966880798339844
6947,8,0,1,37.165679931640625,-37.165679931640625
6948,6,0,1,26.996253967285156,-26.996253967285156
6949,0,0,1,34.762451171875,-34.762451171875
6950,8,0,1,35.747344970703125,-35.747344970703125
6951,9,0,1,32.596614837646484,-32.596614837646484
6952,8,0,1,31.80008316040039,-31.80008316040039
6953,0,0,1,32.247108459472656,-32.247108459472656
6954,7,0,1,27.89032745361328,-27.89032745361328
6955,7,0,1,29.399044036865234,-29.399044036865234
6956,6,0,1,26.306108474731445,-26.306108474731445
6957,6,0,1,26.953489303588867,-26.953489303588867
6958,7,0,1,26.830604553222656,-26.830604553222656
6959,5,0,1,29.879301071166992,-29.879301071166992
6960,9,0,1,30.594675064086914,-30.594675064086914
6961,8,0,1,24.507007598876953,-24.507007598876953
6962,7,0,1,29.088153839111328,-29.088153839111328
6963,9,0,1,29.16854476928711,-29.16854476928711
6964,5,0,1,28.07769012451172,-28.07769012451172
6965,6,0,1,29.01951026916504,-29.01951026916504
6966,0,0,1,34.2077751159668,-34.2077751159668
6967,4,0,1,26.1185302734375,-26.1185302734375
6968,8,0,1,28.096595764160156,-28.096595764160156
6969,2,1,0,28.203454971313477,-28.203454971313477
6970,0,0,1,33.46477508544922,-33.46477508544922
6971,9,0,1,28.054521560668945,-28.054521560668945
6972,1,0,1,25.76204490661621,-25.76204490661621
6973,3,0,1,30.99496841430664,-30.99496841430664
6974,9,0,1,27.38031005859375,-27.38031005859375
6975,8,0,1,28.54376983642578,-28.54376983642578
6976,3,0,1,31.830623626708984,-31.830623626708984
6977,7,0,1,30.537986755371094,-30.537986755371094
6978,4,0,1,29.641864776611328,-29.641864776611328
6979,5,0,1,28.826068878173828,-28.826068878173828
6980,0,0,1,29.60447883605957,-29.60447883605957
6981,2,1,0,30.313838958740234,-30.313838958740234
6982,1,0,1,26.078243255615234,-26.078243255615234
6983,9,0,1,24.75814437866211,-24.75814437866211
6984,1,0,1,26.692399978637695,-26.692399978637695
6985,0,0,1,34.402957916259766,-34.402957916259766
6986,5,0,1,30.698101043701172,-30.698101043701172
6987,8,0,1,32.77964782714844,-32.77964782714844
6988,4,0,1,34.36606979370117,-34.36606979370117
6989,7,0,1,31.396013259887695,-31.396013259887695
6990,3,0,1,29.77036476135254,-29.77036476135254
6991,1,0,1,26.194433212280273,-26.194433212280273
6992,4,0,1,30.454992294311523,-30.454992294311523
6993,5,0,1,29.334300994873047,-29.334300994873047
6994,3,0,1,35.008628845214844,-35.008628845214844
6995,1,0,1,28.576000213623047,-28.576000213623047
6996,0,0,1,29.018966674804688,-29.018966674804688
6997,8,0,1,29.85283851623535,-29.85283851623535
6998,8,0,1,32.3112678527832,-32.3112678527832
6999,8,0,1,32.029762268066406,-32.029762268066406
7000,2,1,0,35.61241912841797,-35.61241912841797
7001,1,0,1,28.529531478881836,-28.529531478881836
7002,3,0,1,25.260482788085938,-25.260482788085938
7003,7,0,1,31.578960418701172,-31.578960418701172
7004,3,0,1,27.426464080810547,-27.426464080810547
7005,1,0,1,30.301361083984375,-30.301361083984375
7006,6,0,1,30.43208122253418,-30.43208122253418
7007,9,0,1,27.293106079101562,-27.293106079101562
7008,1,0,1,33.789085388183594,-33.789085388183594
7009,6,0,1,29.66996955871582,-29.66996955871582
7010,0,0,1,30.920345306396484,-30.920345306396484
7011,7,0,1,31.642072677612305,-31.642072677612305
7012,7,0,1,25.966899871826172,-25.966899871826172
7013,1,0,1,25.499977111816406,-25.499977111816406
7014,3,0,1,34.1693115234375,-34.1693115234375
7015,3,0,1,24.22098159790039,-24.22098159790039
7016,3,0,1,31.738529205322266,-31.738529205322266
7017,1,0,1,27.617321014404297,-27.617321014404297
7018,0,0,1,28.810256958007812,-28.810256958007812
7019,2,1,0,32.923282623291016,-32.923282623291016
7020,7,0,1,24.220108032226562,-24.220108032226562
7021,1,0,1,29.05733871459961,-29.05733871459961
7022,2,1,0,34.612030029296875,-34.612030029296875
7023,2,1,0,31.08169174194336,-31.08169174194336
7024,9,0,1,26.139888763427734,-26.139888763427734
7025,6,0,1,30.749629974365234,-30.749629974365234
7026,3,0,1,27.658056259155273,-27.658056259155273
7027,5,0,1,27.949357986450195,-27.949357986450195
7028,9,0,1,29.511188507080078,-29.511188507080078
7029,4,0,1,28.443775177001953,-28.443775177001953
7030,8,0,1,28.11347770690918,-28.11347770690918
7031,0,0,1,31.189300537109375,-31.189300537109375
7032,4,0,1,32.9547233581543,-32.9547233581543
7033,8,0,1,32.46763229370117,-32.46763229370117
7034,0,0,1,30.75910758972168,-30.75910758972168
7035,1,0,1,23.313121795654297,-23.313121795654297
7036,3,0,1,32.31267547607422,-32.31267547607422
7037,7,0,1,33.2060432434082,-33.2060432434082
7038,0,0,1,33.37038803100586,-33.37038803100586
7039,4,0,1,25.491487503051758,-25.491487503051758
7040,7,0,1,31.60362434387207,-31.60362434387207
7041,4,0,1,34.65068054199219,-34.65068054199219
7042,8,0,1,30.451187133789062,-30.451187133789062
7043,6,0,1,30.059162139892578,-30.059162139892578
7044,4,0,1,28.86681365966797,-28.86681365966797
7045,3,0,1,30.463157653808594,-30.463157653808594
7046,9,0,1,28.500810623168945,-28.500810623168945
7047,8,0,1,30.85089683532715,-30.85089683532715
7048,2,1,0,31.43548583984375,-31.43548583984375
7049,2,1,0,29.63295555114746,-29.63295555114746
7050,8,0,1,29.59733009338379,-29.59733009338379
7051,3,0,1,30.652748107910156,-30.652748107910156
7052,1,0,1,27.4295654296875,-27.4295654296875
7053,1,0,1,29.4132022857666,-29.4132022857666
7054,2,1,0,31.339921951293945,-31.339921951293945
7055,8,0,1,27.215778350830078,-27.215778350830078
7056,2,1,0,31.941984176635742,-31.941984176635742
7057,6,0,1,25.439058303833008,-25.439058303833008
7058,9,0,1,21.07610511779785,-21.07610511779785
7059,4,0,1,32.70207977294922,-32.70207977294922
7060,8,0,1,31.40351104736328,-31.40351104736328
7061,4,0,1,32.52550506591797,-32.52550506591797
7062,4,0,1,27.28158950805664,-27.28158950805664
7063,1,0,1,19.644062042236328,-19.644062042236328
7064,5,0,1,32.96097946166992,-32.96097946166992
7065,2,1,0,33.62822723388672,-33.62822723388672
7066,6,0,1,30.0911865234375,-30.0911865234375
7067,9,0,1,29.902259826660156,-29.902259826660156
7068,2,1,0,31.446006774902344,-31.446006774902344
7069,0,0,1,30.19280433654785,-30.19280433654785
7070,7,0,1,29.402294158935547,-29.402294158935547
7071,1,0,1,25.341840744018555,-25.341840744018555
7072,8,0,1,31.838531494140625,-31.838531494140625
7073,9,0,1,24.72142219543457,-24.72142219543457
7074,3,0,1,31.617414474487305,-31.617414474487305
7075,9,0,1,24.38996696472168,-24.38996696472168
7076,9,0,1,29.591476440429688,-29.591476440429688
7077,0,0,1,34.21654510498047,-34.21654510498047
7078,7,0,1,27.444866180419922,-27.444866180419922
7079,7,0,1,27.8034610748291,-27.8034610748291
7080,5,0,1,35.663169860839844,-35.663169860839844
7081,4,0,1,34.857547760009766,-34.857547760009766
7082,2,1,0,32.35237503051758,-32.35237503051758
7083,6,0,1,28.933252334594727,-28.933252334594727
7084,4,0,1,33.976314544677734,-33.976314544677734
7085,5,0,1,31.247997283935547,-31.247997283935547
7086,7,0,1,27.6195125579834,-27.6195125579834
7087,7,0,1,34.28136444091797,-34.28136444091797
7088,8,0,1,31.224645614624023,-31.224645614624023
7089,7,0,1,24.978958129882812,-24.978958129882812
7090,2,1,0,32.00872802734375,-32.00872802734375
7091,6,0,1,30.531932830810547,-30.531932830810547
7092,2,1,0,29.804834365844727,-29.804834365844727
7093,2,1,0,29.969825744628906,-29.969825744628906
7094,4,0,1,34.06078338623047,-34.06078338623047
7095,4,0,1,33.79930877685547,-33.79930877685547
7096,0,0,1,29.430950164794922,-29.430950164794922
7097,7,0,1,31.598529815673828,-31.598529815673828
7098,1,0,1,26.672815322875977,-26.672815322875977
7099,3,0,1,34.664485931396484,-34.664485931396484
7100,9,0,1,30.41222381591797,-30.41222381591797
7101,6,0,1,31.150815963745117,-31.150815963745117
7102,0,0,1,31.991714477539062,-31.991714477539062
7103,0,0,1,35.843624114990234,-35.843624114990234
7104,2,1,0,32.62495040893555,-32.62495040893555
7105,3,0,1,34.10761642456055,-34.10761642456055
7106,8,0,1,28.970916748046875,-28.970916748046875
7107,2,1,0,32.30173873901367,-32.30173873901367
7108,2,1,0,31.003955841064453,-31.003955841064453
7109,4,0,1,32.61216735839844,-32.61216735839844
7110,3,0,1,33.11397171020508,-33.11397171020508
7111,5,0,1,29.43950653076172,-29.43950653076172
7112,2,1,0,33.52775573730469,-33.52775573730469
7113,9,0,1,28.0317440032959,-28.0317440032959
7114,1,0,1,25.492645263671875,-25.492645263671875
7115,0,0,1,28.28131675720215,-28.28131675720215
7116,0,0,1,29.294218063354492,-29.294218063354492
7117,6,0,1,23.3278751373291,-23.3278751373291
7118,5,0,1,28.817832946777344,-28.817832946777344
7119,5,0,1,27.961807250976562,-27.961807250976562
7120,7,0,1,21.969120025634766,-21.969120025634766
7121,9,0,1,26.562580108642578,-26.562580108642578
7122,9,0,1,19.23638153076172,-19.23638153076172
7123,6,0,1,31.90324592590332,-31.90324592590332
7124,5,0,1,32.27939987182617,-32.27939987182617
7125,5,0,1,27.48145866394043,-27.48145866394043
7126,0,0,1,31.974964141845703,-31.974964141845703
7127,5,0,1,26.668596267700195,-26.668596267700195
7128,7,0,1,32.13047790527344,-32.13047790527344
7129,1,0,1,27.162311553955078,-27.162311553955078
7130,6,0,1,30.93659019470215,-30.93659019470215
7131,6,0,1,33.459903717041016,-33.459903717041016
7132,4,0,1,28.31796646118164,-28.31796646118164
7133,1,0,1,30.268646240234375,-30.268646240234375
7134,4,0,1,28.76116180419922,-28.76116180419922
7135,4,0,1,29.54876708984375,-29.54876708984375
7136,1,0,1,25.459579467773438,-25.459579467773438
7137,5,0,1,35.213783264160156,-35.213783264160156
7138,0,0,1,33.983089447021484,-33.983089447021484
7139,0,0,1,32.44522476196289,-32.44522476196289
7140,4,0,1,32.18058776855469,-32.18058776855469
7141,5,0,1,31.899089813232422,-31.899089813232422
7142,8,0,1,31.301773071289062,-31.301773071289062
7143,4,0,1,35.053287506103516,-35.053287506103516
7144,8,0,1,30.18324851989746,-30.18324851989746
7145,3,0,1,28.11077308654785,-28.11077308654785
7146,0,0,1,31.241317749023438,-31.241317749023438
7147,5,0,1,28.85167121887207,-28.85167121887207
7148,0,0,1,29.063844680786133,-29.063844680786133
7149,5,0,1,30.446063995361328,-30.446063995361328
7150,3,0,1,32.547176361083984,-32.547176361083984
7151,1,0,1,30.726585388183594,-30.726585388183594
7152,6,0,1,29.530235290527344,-29.530235290527344
7153,7,0,1,28.92477798461914,-28.92477798461914
7154,0,0,1,33.45427703857422,-33.45427703857422
7155,9,0,1,25.895092010498047,-25.895092010498047
7156,1,0,1,27.178665161132812,-27.178665161132812
7157,5,0,1,32.28718566894531,-32.28718566894531
7158,7,0,1,24.98679542541504,-24.98679542541504
7159,6,0,1,28.102190017700195,-28.102190017700195
7160,5,0,1,31.14995574951172,-31.14995574951172
7161,5,0,1,31.750133514404297,-31.750133514404297
7162,5,0,1,29.37067413330078,-29.37067413330078
7163,6,0,1,27.38397789001465,-27.38397789001465
7164,0,0,1,30.251243591308594,-30.251243591308594
7165,0,0,1,27.88501739501953,-27.88501739501953
7166,1,0,1,24.801607131958008,-24.801607131958008
7167,7,0,1,30.603530883789062,-30.603530883789062
7168,5,0,1,27.95145034790039,-27.95145034790039
7169,1,0,1,30.066516876220703,-30.066516876220703
7170,9,0,1,28.78420639038086,-28.78420639038086
7171,2,1,0,36.952735900878906,-36.952735900878906
7172,4,0,1,32.73065948486328,-32.73065948486328
7173,1,0,1,29.603038787841797,-29.603038787841797
7174,3,0,1,30.35177230834961,-30.35177230834961
7175,7,0,1,27.830263137817383,-27.830263137817383
7176,8,0,1,29.419687271118164,-29.419687271118164
7177,2,1,0,32.21501922607422,-32.21501922607422
7178,0,0,1,30.69110107421875,-30.69110107421875
7179,9,0,1,27.67616081237793,-27.67616081237793
7180,6,0,1,29.47064971923828,-29.47064971923828
7181,6,0,1,25.55843734741211,-25.55843734741211
7182,0,0,1,27.03510284423828,-27.03510284423828
7183,6,0,1,27.14080047607422,-27.14080047607422
7184,5,0,1,31.844383239746094,-31.844383239746094
7185,8,0,1,32.742591857910156,-32.742591857910156
7186,2,1,0,30.09316635131836,-30.09316635131836
7187,7,0,1,28.0887393951416,-28.0887393951416
7188,4,0,1,31.438880920410156,-31.438880920410156
7189,0,0,1,32.328094482421875,-32.328094482421875
7190,2,1,0,33.72844314575195,-33.72844314575195
7191,7,0,1,31.70591926574707,-31.70591926574707
7192,7,0,1,26.306203842163086,-26.306203842163086
7193,8,0,1,31.992462158203125,-31.992462158203125
7194,8,0,1,32.66207504272461,-32.66207504272461
7195,7,0,1,30.970542907714844,-30.970542907714844
7196,0,0,1,31.653589248657227,-31.653589248657227
7197,4,0,1,29.128475189208984,-29.128475189208984
7198,9,0,1,26.338054656982422,-26.338054656982422
7199,1,0,1,29.098257064819336,-29.098257064819336
7200,4,0,1,32.66721725463867,-32.66721725463867
7201,4,0,1,32.91593551635742,-32.91593551635742
7202,3,0,1,28.862140655517578,-28.862140655517578
7203,5,0,1,29.64824676513672,-29.64824676513672
7204,4,0,1,27.370532989501953,-27.370532989501953
7205,6,0,1,26.62451171875,-26.62451171875
7206,2,1,0,32.816959381103516,-32.816959381103516
7207,3,0,1,32.12010192871094,-32.12010192871094
7208,1,0,1,21.92473030090332,-21.92473030090332
7209,0,0,1,33.36977767944336,-33.36977767944336
7210,3,0,1,30.01936149597168,-30.01936149597168
7211,3,0,1,28.22487449645996,-28.22487449645996
7212,3,0,1,31.258255004882812,-31.258255004882812
7213,6,0,1,34.94991683959961,-34.94991683959961
7214,3,0,1,29.171924591064453,-29.171924591064453
7215,1,0,1,27.578807830810547,-27.578807830810547
7216,2,1,0,36.927974700927734,-36.927974700927734
7217,8,0,1,23.3358154296875,-23.3358154296875
7218,9,0,1,31.19037628173828,-31.19037628173828
7219,7,0,1,27.843385696411133,-27.843385696411133
7220,9,0,1,26.56658935546875,-26.56658935546875
7221,3,0,1,32.50803756713867,-32.50803756713867
7222,8,0,1,31.352371215820312,-31.352371215820312
7223,7,0,1,21.00885581970215,-21.00885581970215
7224,3,0,1,27.887163162231445,-27.887163162231445
7225,1,0,1,27.899425506591797,-27.899425506591797
7226,7,0,1,26.885574340820312,-26.885574340820312
7227,7,0,1,34.149871826171875,-34.149871826171875
7228,3,0,1,29.56237030029297,-29.56237030029297
7229,2,1,0,34.155235290527344,-34.155235290527344
7230,2,1,0,29.05728530883789,-29.05728530883789
7231,8,0,1,31.776477813720703,-31.776477813720703
7232,9,0,1,25.69220733642578,-25.69220733642578
7233,5,0,1,33.584251403808594,-33.584251403808594
7234,9,0,1,25.612634658813477,-25.612634658813477
7235,2,1,0,32.990379333496094,-32.990379333496094
7236,1,0,1,25.806066513061523,-25.806066513061523
7237,7,0,1,26.365867614746094,-26.365867614746094
7238,4,0,1,30.59746551513672,-30.59746551513672
7239,4,0,1,29.340869903564453,-29.340869903564453
7240,0,0,1,33.35015106201172,-33.35015106201172
7241,5,0,1,29.216026306152344,-29.216026306152344
7242,7,0,1,27.829750061035156,-27.829750061035156
7243,1,0,1,25.884353637695312,-25.884353637695312
7244,5,0,1,30.684242248535156,-30.684242248535156
7245,4,0,1,35.006168365478516,-35.006168365478516
7246,0,0,1,32.1209716796875,-32.1209716796875
7247,8,0,1,27.260528564453125,-27.260528564453125
7248,4,0,1,33.454593658447266,-33.454593658447266
7249,9,0,1,28.371553421020508,-28.371553421020508
7250,8,0,1,26.543367385864258,-26.543367385864258
7251,7,0,1,32.4223747253418,-32.4223747253418
7252,8,0,1,31.12478256225586,-31.12478256225586
7253,4,0,1,34.77185821533203,-34.77185821533203
7254,2,1,0,31.297801971435547,-31.297801971435547
7255,3,0,1,32.44810485839844,-32.44810485839844
7256,4,0,1,33.44818878173828,-33.44818878173828
7257,0,0,1,31.71625328063965,-31.71625328063965
7258,5,0,1,30.833141326904297,-30.833141326904297
7259,4,0,1,32.85038757324219,-32.85038757324219
7260,1,0,1,32.444637298583984,-32.444637298583984
7261,8,0,1,26.24090576171875,-26.24090576171875
7262,2,1,0,30.705520629882812,-30.705520629882812
7263,5,0,1,28.51668357849121,-28.51668357849121
7264,4,0,1,27.652238845825195,-27.652238845825195
7265,5,0,1,26.325416564941406,-26.325416564941406
7266,2,1,0,33.33869934082031,-33.33869934082031
7267,5,0,1,31.133825302124023,-31.133825302124023
7268,3,0,1,30.597328186035156,-30.597328186035156
7269,7,0,1,29.95999526977539,-29.95999526977539
7270,9,0,1,29.651567459106445,-29.651567459106445
7271,7,0,1,34.138702392578125,-34.138702392578125
7272,1,0,1,27.913312911987305,-27.913312911987305
7273,4,0,1,32.85348892211914,-32.85348892211914
7274,1,0,1,29.978052139282227,-29.978052139282227
7275,3,0,1,28.66858673095703,-28.66858673095703
7276,1,0,1,28.248525619506836,-28.248525619506836
7277,4,0,1,29.621089935302734,-29.621089935302734
7278,5,0,1,31.916812896728516,-31.916812896728516
7279,5,0,1,30.79117202758789,-30.79117202758789
7280,1,0,1,28.042089462280273,-28.042089462280273
7281,7,0,1,33.55956268310547,-33.55956268310547
7282,1,0,1,23.786659240722656,-23.786659240722656
7283,3,0,1,29.945322036743164,-29.945322036743164
7284,0,0,1,24.319612503051758,-24.319612503051758
7285,1,0,1,29.125673294067383,-29.125673294067383
7286,2,1,0,32.857444763183594,-32.857444763183594
7287,5,0,1,31.331016540527344,-31.331016540527344
7288,7,0,1,31.596134185791016,-31.596134185791016
7289,0,0,1,31.57044792175293,-31.57044792175293
7290,6,0,1,27.573040008544922,-27.573040008544922
7291,3,0,1,27.498722076416016,-27.498722076416016
7292,5,0,1,30.689735412597656,-30.689735412597656
7293,7,0,1,22.166263580322266,-22.166263580322266
7294,5,0,1,30.981704711914062,-30.981704711914062
7295,5,0,1,31.87645721435547,-31.87645721435547
7296,8,0,1,35.53436279296875,-35.53436279296875
7297,9,0,1,25.317861557006836,-25.317861557006836
7298,4,0,1,34.13938903808594,-34.13938903808594
7299,6,0,1,28.733657836914062,-28.733657836914062
7300,3,0,1,29.994243621826172,-29.994243621826172
7301,6,0,1,22.245933532714844,-22.245933532714844
7302,6,0,1,30.08812141418457,-30.08812141418457
7303,8,0,1,31.073665618896484,-31.073665618896484
7304,2,1,0,29.470123291015625,-29.470123291015625
7305,6,0,1,31.547256469726562,-31.547256469726562
7306,4,0,1,32.49406433105469,-32.49406433105469
7307,8,0,1,28.4442138671875,-28.4442138671875
7308,4,0,1,30.767215728759766,-30.767215728759766
7309,1,0,1,27.04566192626953,-27.04566192626953
7310,3,0,1,26.966306686401367,-26.966306686401367
7311,1,0,1,28.344005584716797,-28.344005584716797
7312,2,1,0,34.108436584472656,-34.108436584472656
7313,3,0,1,33.528282165527344,-33.528282165527344
7314,3,0,1,29.051448822021484,-29.051448822021484
7315,0,0,1,33.76564025878906,-33.76564025878906
7316,1,0,1,27.942394256591797,-27.942394256591797
7317,6,0,1,31.4370059967041,-31.4370059967041
7318,4,0,1,29.0931396484375,-29.0931396484375
7319,2,1,0,34.225032806396484,-34.225032806396484
7320,8,0,1,26.43115234375,-26.43115234375
7321,2,1,0,30.692867279052734,-30.692867279052734
7322,4,0,1,29.7507381439209,-29.7507381439209
7323,3,0,1,30.048526763916016,-30.048526763916016
7324,1,0,1,26.62394142150879,-26.62394142150879
7325,4,0,1,32.68722152709961,-32.68722152709961
7326,4,0,1,30.970478057861328,-30.970478057861328
7327,4,0,1,35.008934020996094,-35.008934020996094
7328,4,0,1,33.52411651611328,-33.52411651611328
7329,1,0,1,25.40726089477539,-25.40726089477539
7330,5,0,1,33.33791732788086,-33.33791732788086
7331,5,0,1,30.916149139404297,-30.916149139404297
7332,7,0,1,28.301410675048828,-28.301410675048828
7333,6,0,1,28.94304656982422,-28.94304656982422
7334,5,0,1,29.116262435913086,-29.116262435913086
7335,4,0,1,30.582366943359375,-30.582366943359375
7336,5,0,1,32.53385925292969,-32.53385925292969
7337,6,0,1,31.682964324951172,-31.682964324951172
7338,5,0,1,29.484943389892578,-29.484943389892578
7339,6,0,1,27.800260543823242,-27.800260543823242
7340,2,1,0,33.12211227416992,-33.12211227416992
7341,4,0,1,31.708599090576172,-31.708599090576172
7342,7,0,1,29.43679428100586,-29.43679428100586
7343,7,0,1,30.696388244628906,-30.696388244628906
7344,4,0,1,27.4045467376709,-27.4045467376709
7345,6,0,1,27.461334228515625,-27.461334228515625
7346,5,0,1,27.837472915649414,-27.837472915649414
7347,0,0,1,37.02454376220703,-37.02454376220703
7348,2,1,0,30.23183822631836,-30.23183822631836
7349,3,0,1,31.8884334564209,-31.8884334564209
7350,9,0,1,27.03272247314453,-27.03272247314453
7351,2,1,0,27.458032608032227,-27.458032608032227
7352,3,0,1,29.362442016601562,-29.362442016601562
7353,8,0,1,32.368675231933594,-32.368675231933594
7354,0,0,1,31.352344512939453,-31.352344512939453
7355,7,0,1,29.967111587524414,-29.967111587524414
7356,0,0,1,36.01886749267578,-36.01886749267578
7357,6,0,1,30.32911491394043,-30.32911491394043
7358,8,0,1,33.165340423583984,-33.165340423583984
7359,1,0,1,21.70072364807129,-21.70072364807129
7360,2,1,0,29.759504318237305,-29.759504318237305
7361,8,0,1,30.21790885925293,-30.21790885925293
7362,9,0,1,28.958927154541016,-28.958927154541016
7363,1,0,1,26.497886657714844,-26.497886657714844
7364,5,0,1,32.62872314453125,-32.62872314453125
7365,4,0,1,32.647254943847656,-32.647254943847656
7366,2,1,0,31.193906784057617,-31.193906784057617
7367,3,0,1,31.94405746459961,-31.94405746459961
7368,5,0,1,28.08843231201172,-28.08843231201172
7369,5,0,1,29.517175674438477,-29.517175674438477
7370,3,0,1,28.101186752319336,-28.101186752319336
7371,6,0,1,30.29767608642578,-30.29767608642578
7372,5,0,1,26.769535064697266,-26.769535064697266
7373,0,0,1,30.929840087890625,-30.929840087890625
7374,3,0,1,31.726028442382812,-31.726028442382812
7375,2,1,0,32.03050231933594,-32.03050231933594
7376,1,0,1,24.21755027770996,-24.21755027770996
7377,3,0,1,35.123748779296875,-35.123748779296875
7378,3,0,1,24.289005279541016,-24.289005279541016
7379,7,0,1,29.736499786376953,-29.736499786376953
7380,7,0,1,29.543441772460938,-29.543441772460938
7381,4,0,1,34.4410400390625,-34.4410400390625
7382,9,0,1,30.27928924560547,-30.27928924560547
7383,4,0,1,30.468353271484375,-30.468353271484375
7384,3,0,1,23.72758674621582,-23.72758674621582
7385,9,0,1,24.980712890625,-24.980712890625
7386,5,0,1,24.728992462158203,-24.728992462158203
7387,1,0,1,26.619625091552734,-26.619625091552734
7388,7,0,1,28.910730361938477,-28.910730361938477
7389,6,0,1,27.889726638793945,-27.889726638793945
7390,6,0,1,27.135440826416016,-27.135440826416016
7391,4,0,1,32.44824981689453,-32.44824981689453
7392,8,0,1,36.00379943847656,-36.00379943847656
7393,5,0,1,33.49740982055664,-33.49740982055664
7394,1,0,1,28.885360717773438,-28.885360717773438
7395,2,1,0,33.022647857666016,-33.022647857666016
7396,8,0,1,27.944610595703125,-27.944610595703125
7397,4,0,1,30.21520233154297,-30.21520233154297
7398,5,0,1,32.42362594604492,-32.42362594604492
7399,3,0,1,26.015249252319336,-26.015249252319336
7400,3,0,1,31.510164260864258,-31.510164260864258
7401,3,0,1,28.09766960144043,-28.09766960144043
7402,0,0,1,34.10276794433594,-34.10276794433594
7403,4,0,1,32.15512466430664,-32.15512466430664
7404,8,0,1,30.658647537231445,-30.658647537231445
7405,7,0,1,28.752763748168945,-28.752763748168945
7406,7,0,1,23.991100311279297,-23.991100311279297
7407,9,0,1,25.12031364440918,-25.12031364440918
7408,4,0,1,34.543663024902344,-34.543663024902344
7409,8,0,1,29.981887817382812,-29.981887817382812
7410,4,0,1,34.866676330566406,-34.866676330566406
7411,5,0,1,30.461933135986328,-30.461933135986328
7412,9,0,1,34.06672668457031,-34.06672668457031
7413,1,0,1,27.26557731628418,-27.26557731628418
7414,8,0,1,33.45877456665039,-33.45877456665039
7415,3,0,1,30.40908432006836,-30.40908432006836
7416,1,0,1,28.307415008544922,-28.307415008544922
7417,3,0,1,31.15265655517578,-31.15265655517578
7418,8,0,1,32.818538665771484,-32.818538665771484
7419,0,0,1,31.530967712402344,-31.530967712402344
7420,3,0,1,26.196826934814453,-26.196826934814453
7421,5,0,1,27.788955688476562,-27.788955688476562
7422,4,0,1,32.04643630981445,-32.04643630981445
7423,6,0,1,28.865921020507812,-28.865921020507812
7424,9,0,1,25.476961135864258,-25.476961135864258
7425,2,1,0,35.20595932006836,-35.20595932006836
7426,7,0,1,27.3679256439209,-27.3679256439209
7427,2,1,0,31.685073852539062,-31.685073852539062
7428,0,0,1,29.958723068237305,-29.958723068237305
7429,5,0,1,32.72242736816406,-32.72242736816406
7430,2,1,0,30.298442840576172,-30.298442840576172
7431,9,0,1,30.97274398803711,-30.97274398803711
7432,7,0,1,25.69771385192871,-25.69771385192871
7433,5,0,1,29.16193389892578,-29.16193389892578
7434,0,0,1,29.90203285217285,-29.90203285217285
7435,7,0,1,29.306148529052734,-29.306148529052734
7436,0,0,1,32.90562438964844,-32.90562438964844
7437,3,0,1,33.483726501464844,-33.483726501464844
7438,5,0,1,26.77286720275879,-26.77286720275879
7439,5,0,1,33.02637481689453,-33.02637481689453
7440,3,0,1,30.65053939819336,-30.65053939819336
7441,8,0,1,29.574426651000977,-29.574426651000977
7442,7,0,1,23.56888198852539,-23.56888198852539
7443,7,0,1,28.289480209350586,-28.289480209350586
7444,9,0,1,22.61341094970703,-22.61341094970703
7445,6,0,1,31.462841033935547,-31.462841033935547
7446,5,0,1,25.846193313598633,-25.846193313598633
7447,8,0,1,30.512006759643555,-30.512006759643555
7448,9,0,1,23.627948760986328,-23.627948760986328
7449,0,0,1,25.361583709716797,-25.361583709716797
7450,1,0,1,25.949472427368164,-25.949472427368164
7451,9,0,1,26.808536529541016,-26.808536529541016
7452,4,0,1,28.420330047607422,-28.420330047607422
7453,0,0,1,22.201509475708008,-22.201509475708008
7454,0,0,1,28.655513763427734,-28.655513763427734
7455,1,0,1,26.615419387817383,-26.615419387817383
7456,7,0,1,30.254302978515625,-30.254302978515625
7457,2,1,0,34.2872428894043,-34.2872428894043
7458,2,1,0,30.37297821044922,-30.37297821044922
7459,8,0,1,32.77020263671875,-32.77020263671875
7460,5,0,1,31.942873001098633,-31.942873001098633
7461,9,0,1,27.352088928222656,-27.352088928222656
7462,8,0,1,24.283790588378906,-24.283790588378906
7463,2,1,0,29.24217987060547,-29.24217987060547
7464,8,0,1,31.728839874267578,-31.728839874267578
7465,0,0,1,28.454986572265625,-28.454986572265625
7466,6,0,1,27.973033905029297,-27.973033905029297
7467,6,0,1,28.88561248779297,-28.88561248779297
7468,8,0,1,34.454627990722656,-34.454627990722656
7469,6,0,1,27.238981246948242,-27.238981246948242
7470,9,0,1,29.034454345703125,-29.034454345703125
7471,6,0,1,33.92927169799805,-33.92927169799805
7472,1,0,1,29.90523338317871,-29.90523338317871
7473,1,0,1,27.56223487854004,-27.56223487854004
7474,5,0,1,31.16017723083496,-31.16017723083496
7475,3,0,1,29.283462524414062,-29.283462524414062
7476,5,0,1,30.872303009033203,-30.872303009033203
7477,0,0,1,27.82180404663086,-27.82180404663086
7478,7,0,1,24.758867263793945,-24.758867263793945
7479,6,0,1,26.401445388793945,-26.401445388793945
7480,1,0,1,28.994333267211914,-28.994333267211914
7481,4,0,1,30.45751953125,-30.45751953125
7482,4,0,1,21.54234504699707,-21.54234504699707
7483,1,0,1,24.46595001220703,-24.46595001220703
7484,1,0,1,27.595449447631836,-27.595449447631836
7485,8,0,1,35.17403030395508,-35.17403030395508
7486,1,0,1,22.263336181640625,-22.263336181640625
7487,1,0,1,29.045915603637695,-29.045915603637695
7488,2,1,0,33.68434143066406,-33.68434143066406
7489,3,0,1,30.604969024658203,-30.604969024658203
7490,4,0,1,28.796642303466797,-28.796642303466797
7491,9,0,1,24.233612060546875,-24.233612060546875
7492,9,0,1,24.839767456054688,-24.839767456054688
7493,5,0,1,32.708221435546875,-32.708221435546875
7494,2,1,0,35.1171875,-35.1171875
7495,7,0,1,30.349239349365234,-30.349239349365234
7496,3,0,1,32.35420227050781,-32.35420227050781
7497,3,0,1,29.157474517822266,-29.157474517822266
7498,6,0,1,29.538354873657227,-29.538354873657227
7499,9,0,1,27.45398712158203,-27.45398712158203
7500,6,0,1,27.22612762451172,-27.22612762451172
7501,9,0,1,26.261667251586914,-26.261667251586914
7502,8,0,1,28.19598960876465,-28.19598960876465
7503,8,0,1,35.56066131591797,-35.56066131591797
7504,6,0,1,33.671085357666016,-33.671085357666016
7505,7,0,1,20.088947296142578,-20.088947296142578
7506,4,0,1,30.828514099121094,-30.828514099121094
7507,7,0,1,30.648406982421875,-30.648406982421875
7508,2,1,0,35.31310272216797,-35.31310272216797
7509,3,0,1,33.7525634765625,-33.7525634765625
7510,8,0,1,28.358776092529297,-28.358776092529297
7511,0,0,1,30.42704963684082,-30.42704963684082
7512,9,0,1,25.429040908813477,-25.429040908813477
7513,0,0,1,30.463348388671875,-30.463348388671875
7514,7,0,1,28.332462310791016,-28.332462310791016
7515,8,0,1,29.257312774658203,-29.257312774658203
7516,1,0,1,23.788345336914062,-23.788345336914062
7517,2,1,0,33.947235107421875,-33.947235107421875
7518,3,0,1,32.468868255615234,-32.468868255615234
7519,2,1,0,32.044063568115234,-32.044063568115234
7520,4,0,1,33.83943176269531,-33.83943176269531
7521,2,1,0,32.129825592041016,-32.129825592041016
7522,9,0,1,27.987056732177734,-27.987056732177734
7523,0,0,1,29.51779556274414,-29.51779556274414
7524,3,0,1,31.272708892822266,-31.272708892822266
7525,8,0,1,27.36219024658203,-27.36219024658203
7526,9,0,1,28.922563552856445,-28.922563552856445
7527,6,0,1,27.793560028076172,-27.793560028076172
7528,5,0,1,27.755538940429688,-27.755538940429688
7529,5,0,1,27.039100646972656,-27.039100646972656
7530,2,1,0,35.92750549316406,-35.92750549316406
7531,4,0,1,34.57787322998047,-34.57787322998047
7532,1,0,1,24.401777267456055,-24.401777267456055
7533,0,0,1,32.74758529663086,-32.74758529663086
7534,6,0,1,29.463092803955078,-29.463092803955078
7535,1,0,1,29.509506225585938,-29.509506225585938
7536,8,0,1,27.32953643798828,-27.32953643798828
7537,4,0,1,30.561988830566406,-30.561988830566406
7538,5,0,1,34.46348190307617,-34.46348190307617
7539,5,0,1,34.497474670410156,-34.497474670410156
7540,5,0,1,29.316499710083008,-29.316499710083008
7541,0,0,1,29.94109535217285,-29.94109535217285
7542,8,0,1,29.689830780029297,-29.689830780029297
7543,9,0,1,26.815818786621094,-26.815818786621094
7544,0,0,1,33.069515228271484,-33.069515228271484
7545,5,0,1,32.103675842285156,-32.103675842285156
7546,7,0,1,31.68209457397461,-31.68209457397461
7547,9,0,1,31.624635696411133,-31.624635696411133
7548,6,0,1,31.411418914794922,-31.411418914794922
7549,3,0,1,28.848377227783203,-28.848377227783203
7550,4,0,1,30.756900787353516,-30.756900787353516
7551,6,0,1,33.084712982177734,-33.084712982177734
7552,4,0,1,32.262847900390625,-32.262847900390625
7553,9,0,1,33.878509521484375,-33.878509521484375
7554,7,0,1,30.95838165283203,-30.95838165283203
7555,1,0,1,27.365266799926758,-27.365266799926758
7556,2,1,0,27.882375717163086,-27.882375717163086
7557,5,0,1,31.076766967773438,-31.076766967773438
7558,2,1,0,29.90292739868164,-29.90292739868164
7559,8,0,1,27.03812026977539,-27.03812026977539
7560,0,0,1,32.21495819091797,-32.21495819091797
7561,2,1,0,30.769254684448242,-30.769254684448242
7562,2,1,0,28.99146270751953,-28.99146270751953
7563,9,0,1,28.093400955200195,-28.093400955200195
7564,8,0,1,29.25525665283203,-29.25525665283203
7565,1,0,1,27.67442512512207,-27.67442512512207
7566,9,0,1,26.42424201965332,-26.42424201965332
7567,7,0,1,28.79510498046875,-28.79510498046875
7568,7,0,1,26.598278045654297,-26.598278045654297
7569,3,0,1,30.00916862487793,-30.00916862487793
7570,1,0,1,30.015233993530273,-30.015233993530273
7571,4,0,1,24.76397705078125,-24.76397705078125
7572,1,0,1,28.588333129882812,-28.588333129882812
7573,1,0,1,26.31807518005371,-26.31807518005371
7574,3,0,1,31.321849822998047,-31.321849822998047
7575,8,0,1,31.10742950439453,-31.10742950439453
7576,8,0,1,29.077165603637695,-29.077165603637695
7577,1,0,1,27.877836227416992,-27.877836227416992
7578,9,0,1,24.534591674804688,-24.534591674804688
7579,3,0,1,29.86663246154785,-29.86663246154785
7580,8,0,1,28.590606689453125,-28.590606689453125
7581,9,0,1,29.64746856689453,-29.64746856689453
7582,5,0,1,30.790239334106445,-30.790239334106445
7583,1,0,1,29.5471134185791,-29.5471134185791
7584,1,0,1,27.359024047851562,-27.359024047851562
7585,6,0,1,29.255645751953125,-29.255645751953125
7586,2,1,0,27.105905532836914,-27.105905532836914
7587,7,0,1,30.43207550048828,-30.43207550048828
7588,2,1,0,29.450668334960938,-29.450668334960938
7589,6,0,1,26.89681625366211,-26.89681625366211
7590,2,1,0,35.15981674194336,-35.15981674194336
7591,6,0,1,29.330820083618164,-29.330820083618164
7592,9,0,1,27.190143585205078,-27.190143585205078
7593,6,0,1,32.24611282348633,-32.24611282348633
7594,0,0,1,30.61709976196289,-30.61709976196289
7595,1,0,1,29.267810821533203,-29.267810821533203
7596,3,0,1,30.239421844482422,-30.239421844482422
7597,9,0,1,31.172170639038086,-31.172170639038086
7598,3,0,1,31.30013084411621,-31.30013084411621
7599,8,0,1,27.987621307373047,-27.987621307373047
7600,8,0,1,30.212703704833984,-30.212703704833984
7601,8,0,1,29.013019561767578,-29.013019561767578
7602,2,1,0,33.23740768432617,-33.23740768432617
7603,9,0,1,27.138246536254883,-27.138246536254883
7604,1,0,1,30.005250930786133,-30.005250930786133
7605,2,1,0,32.340518951416016,-32.340518951416016
7606,6,0,1,23.959531784057617,-23.959531784057617
7607,0,0,1,30.793691635131836,-30.793691635131836
7608,5,0,1,32.10308074951172,-32.10308074951172
7609,0,0,1,27.118854522705078,-27.118854522705078
7610,7,0,1,31.318260192871094,-31.318260192871094
7611,7,0,1,29.076812744140625,-29.076812744140625
7612,7,0,1,25.79279136657715,-25.79279136657715
7613,9,0,1,25.554157257080078,-25.554157257080078
7614,4,0,1,33.17507553100586,-33.17507553100586
7615,5,0,1,33.139129638671875,-33.139129638671875
7616,0,0,1,30.289573669433594,-30.289573669433594
7617,2,1,0,29.553510665893555,-29.553510665893555
7618,3,0,1,30.23832893371582,-30.23832893371582
7619,5,0,1,28.72818374633789,-28.72818374633789
7620,5,0,1,27.870357513427734,-27.870357513427734
7621,8,0,1,28.56730079650879,-28.56730079650879
7622,9,0,1,24.665973663330078,-24.665973663330078
7623,1,0,1,26.443328857421875,-26.443328857421875
7624,2,1,0,31.173749923706055,-31.173749923706055
7625,7,0,1,27.661659240722656,-27.661659240722656
7626,1,0,1,28.537395477294922,-28.537395477294922
7627,3,0,1,32.604469299316406,-32.604469299316406
7628,4,0,1,23.55914306640625,-23.55914306640625
7629,6,0,1,29.76055908203125,-29.76055908203125
7630,9,0,1,28.88947105407715,-28.88947105407715
7631,1,0,1,28.172170639038086,-28.172170639038086
7632,0,0,1,27.141136169433594,-27.141136169433594
7633,7,0,1,26.792280197143555,-26.792280197143555
7634,1,0,1,26.584213256835938,-26.584213256835938
7635,9,0,1,30.198335647583008,-30.198335647583008
7636,5,0,1,30.288774490356445,-30.288774490356445
7637,8,0,1,31.91360092163086,-31.91360092163086
7638,1,0,1,32.6247673034668,-32.6247673034668
7639,9,0,1,28.515674591064453,-28.515674591064453
7640,9,0,1,26.091041564941406,-26.091041564941406
7641,7,0,1,29.889738082885742,-29.889738082885742
7642,9,0,1,29.282407760620117,-29.282407760620117
7643,8,0,1,29.251977920532227,-29.251977920532227
7644,3,0,1,31.66006088256836,-31.66006088256836
7645,0,0,1,29.912368774414062,-29.912368774414062
7646,2,1,0,33.65917205810547,-33.65917205810547
7647,6,0,1,30.54230308532715,-30.54230308532715
7648,0,0,1,27.76791000366211,-27.76791000366211
7649,2,1,0,29.006568908691406,-29.006568908691406
7650,2,1,0,30.824968338012695,-30.824968338012695
7651,4,0,1,34.1387939453125,-34.1387939453125
7652,0,0,1,30.7962703704834,-30.7962703704834
7653,8,0,1,28.970428466796875,-28.970428466796875
7654,4,0,1,31.51700210571289,-31.51700210571289
7655,8,0,1,37.439903259277344,-37.439903259277344
7656,1,0,1,26.046043395996094,-26.046043395996094
7657,2,1,0,27.55648422241211,-27.55648422241211
7658,7,0,1,30.626237869262695,-30.626237869262695
7659,2,1,0,33.47280502319336,-33.47280502319336
7660,7,0,1,27.609676361083984,-27.609676361083984
7661,9,0,1,26.196468353271484,-26.196468353271484
7662,5,0,1,31.406421661376953,-31.406421661376953
7663,2,1,0,33.955810546875,-33.955810546875
7664,2,1,0,32.719207763671875,-32.719207763671875
7665,9,0,1,24.521242141723633,-24.521242141723633
7666,2,1,0,31.63858413696289,-31.63858413696289
7667,6,0,1,26.57468032836914,-26.57468032836914
7668,5,0,1,34.18855285644531,-34.18855285644531
7669,7,0,1,31.673831939697266,-31.673831939697266
7670,2,1,0,30.27801513671875,-30.27801513671875
7671,5,0,1,32.92048263549805,-32.92048263549805
7672,6,0,1,28.589454650878906,-28.589454650878906
7673,5,0,1,27.553237915039062,-27.553237915039062
7674,1,0,1,29.2619686126709,-29.2619686126709
7675,8,0,1,28.254684448242188,-28.254684448242188
7676,2,1,0,33.438873291015625,-33.438873291015625
7677,6,0,1,27.26962661743164,-27.26962661743164
7678,8,0,1,28.607803344726562,-28.607803344726562
7679,6,0,1,30.85824203491211,-30.85824203491211
7680,3,0,1,26.40715217590332,-26.40715217590332
7681,0,0,1,27.33290672302246,-27.33290672302246
7682,8,0,1,27.151447296142578,-27.151447296142578
7683,0,0,1,32.147396087646484,-32.147396087646484
7684,0,0,1,30.32524871826172,-30.32524871826172
7685,9,0,1,21.770048141479492,-21.770048141479492
7686,9,0,1,30.04020881652832,-30.04020881652832
7687,6,0,1,31.195592880249023,-31.195592880249023
7688,8,0,1,35.53781509399414,-35.53781509399414
7689,0,0,1,26.631216049194336,-26.631216049194336
7690,6,0,1,29.84702491760254,-29.84702491760254
7691,6,0,1,24.91187286376953,-24.91187286376953
7692,0,0,1,30.416439056396484,-30.416439056396484
7693,7,0,1,24.515701293945312,-24.515701293945312
7694,9,0,1,28.029457092285156,-28.029457092285156
7695,8,0,1,32.070106506347656,-32.070106506347656
7696,0,0,1,25.756732940673828,-25.756732940673828
7697,5,0,1,27.744186401367188,-27.744186401367188
7698,0,0,1,34.918296813964844,-34.918296813964844
7699,9,0,1,28.16554069519043,-28.16554069519043
7700,6,0,1,27.77641487121582,-27.77641487121582
7701,0,0,1,33.81599044799805,-33.81599044799805
7702,4,0,1,28.456111907958984,-28.456111907958984
7703,7,0,1,27.56218910217285,-27.56218910217285
7704,1,0,1,28.660043716430664,-28.660043716430664
7705,7,0,1,33.090694427490234,-33.090694427490234
7706,8,0,1,32.11024475097656,-32.11024475097656
7707,8,0,1,32.25731658935547,-32.25731658935547
7708,2,1,0,31.68975257873535,-31.68975257873535
7709,3,0,1,32.375762939453125,-32.375762939453125
7710,9,0,1,25.72012710571289,-25.72012710571289
7711,6,0,1,31.563161849975586,-31.563161849975586
7712,5,0,1,30.685792922973633,-30.685792922973633
7713,5,0,1,29.400402069091797,-29.400402069091797
7714,3,0,1,30.966510772705078,-30.966510772705078
7715,1,0,1,24.469449996948242,-24.469449996948242
7716,5,0,1,28.51944351196289,-28.51944351196289
7717,3,0,1,30.784957885742188,-30.784957885742188
7718,0,0,1,34.04015350341797,-34.04015350341797
7719,2,1,0,21.427091598510742,-21.427091598510742
7720,5,0,1,33.93366241455078,-33.93366241455078
7721,2,1,0,32.219337463378906,-32.219337463378906
7722,7,0,1,26.44940948486328,-26.44940948486328
7723,3,0,1,31.877201080322266,-31.877201080322266
7724,8,0,1,30.856319427490234,-30.856319427490234
7725,4,0,1,27.87347412109375,-27.87347412109375
7726,4,0,1,31.4417724609375,-31.4417724609375
7727,6,0,1,28.176362991333008,-28.176362991333008
7728,1,0,1,30.05564308166504,-30.05564308166504
7729,9,0,1,23.372692108154297,-23.372692108154297
7730,4,0,1,31.14975357055664,-31.14975357055664
7731,1,0,1,25.735074996948242,-25.735074996948242
7732,7,0,1,28.86572265625,-28.86572265625
7733,0,0,1,28.437562942504883,-28.437562942504883
7734,1,0,1,26.145004272460938,-26.145004272460938
7735,4,0,1,29.17519760131836,-29.17519760131836
7736,3,0,1,31.47650718688965,-31.47650718688965
7737,0,0,1,26.22826385498047,-26.22826385498047
7738,2,1,0,36.3099479675293,-36.3099479675293
7739,9,0,1,30.194562911987305,-30.194562911987305
7740,4,0,1,33.10513687133789,-33.10513687133789
7741,5,0,1,28.218017578125,-28.218017578125
7742,0,0,1,29.759069442749023,-29.759069442749023
7743,3,0,1,29.547809600830078,-29.547809600830078
7744,4,0,1,29.234458923339844,-29.234458923339844
7745,7,0,1,29.549232482910156,-29.549232482910156
7746,2,1,0,30.708267211914062,-30.708267211914062
7747,3,0,1,31.319046020507812,-31.319046020507812
7748,0,0,1,28.1958065032959,-28.1958065032959
7749,1,0,1,31.227453231811523,-31.227453231811523
7750,3,0,1,29.841171264648438,-29.841171264648438
7751,7,0,1,27.872161865234375,-27.872161865234375
7752,9,0,1,26.174407958984375,-26.174407958984375
7753,9,0,1,27.377727508544922,-27.377727508544922
7754,0,0,1,34.673583984375,-34.673583984375
7755,7,0,1,29.763381958007812,-29.763381958007812
7756,5,0,1,26.304710388183594,-26.304710388183594
7757,6,0,1,28.78931427001953,-28.78931427001953
7758,7,0,1,30.641647338867188,-30.641647338867188
7759,1,0,1,24.965343475341797,-24.965343475341797
7760,2,1,0,30.45514488220215,-30.45514488220215
7761,2,1,0,33.13478469848633,-33.13478469848633
7762,7,0,1,29.398277282714844,-29.398277282714844
7763,4,0,1,31.442657470703125,-31.442657470703125
7764,6,0,1,30.714778900146484,-30.714778900146484
7765,8,0,1,29.48675537109375,-29.48675537109375
7766,4,0,1,29.479007720947266,-29.479007720947266
7767,9,0,1,25.822107315063477,-25.822107315063477
7768,8,0,1,31.169795989990234,-31.169795989990234
7769,4,0,1,29.16988182067871,-29.16988182067871
7770,9,0,1,29.245319366455078,-29.245319366455078
7771,2,1,0,32.99817657470703,-32.99817657470703
7772,3,0,1,31.13511848449707,-31.13511848449707
7773,4,0,1,29.80680274963379,-29.80680274963379
7774,0,0,1,32.27867889404297,-32.27867889404297
7775,2,1,0,33.107810974121094,-33.107810974121094
7776,5,0,1,28.57677459716797,-28.57677459716797
7777,6,0,1,29.66097068786621,-29.66097068786621
7778,0,0,1,29.912914276123047,-29.912914276123047
7779,5,0,1,28.560640335083008,-28.560640335083008
7780,3,0,1,28.08367347717285,-28.08367347717285
7781,5,0,1,31.18313217163086,-31.18313217163086
7782,8,0,1,28.3986759185791,-28.3986759185791
7783,3,0,1,31.816831588745117,-31.816831588745117
7784,7,0,1,33.169532775878906,-33.169532775878906
7785,4,0,1,32.50117874145508,-32.50117874145508
7786,9,0,1,28.653682708740234,-28.653682708740234
7787,5,0,1,28.031517028808594,-28.031517028808594
7788,6,0,1,29.97529411315918,-29.97529411315918
7789,3,0,1,27.369121551513672,-27.369121551513672
7790,8,0,1,31.258867263793945,-31.258867263793945
7791,6,0,1,33.582462310791016,-33.582462310791016
7792,9,0,1,26.392818450927734,-26.392818450927734
7793,8,0,1,31.872098922729492,-31.872098922729492
7794,5,0,1,30.378150939941406,-30.378150939941406
7795,5,0,1,29.31422233581543,-29.31422233581543
7796,8,0,1,31.941293716430664,-31.941293716430664
7797,3,0,1,32.853397369384766,-32.853397369384766
7798,5,0,1,26.485336303710938,-26.485336303710938
7799,9,0,1,26.840686798095703,-26.840686798095703
7800,0,0,1,31.489253997802734,-31.489253997802734
7801,4,0,1,31.955249786376953,-31.955249786376953
7802,2,1,0,33.75774002075195,-33.75774002075195
7803,0,0,1,30.571638107299805,-30.571638107299805
7804,5,0,1,32.83262634277344,-32.83262634277344
7805,9,0,1,26.18657875061035,-26.18657875061035
7806,9,0,1,29.163959503173828,-29.163959503173828
7807,3,0,1,30.66524887084961,-30.66524887084961
7808,8,0,1,31.268230438232422,-31.268230438232422
7809,0,0,1,27.775056838989258,-27.775056838989258
7810,6,0,1,29.19292449951172,-29.19292449951172
7811,0,0,1,28.171918869018555,-28.171918869018555
7812,2,1,0,32.489173889160156,-32.489173889160156
7813,3,0,1,31.991018295288086,-31.991018295288086
7814,7,0,1,26.44895362854004,-26.44895362854004
7815,0,0,1,26.729896545410156,-26.729896545410156
7816,0,0,1,31.39921760559082,-31.39921760559082
7817,6,0,1,31.223670959472656,-31.223670959472656
7818,9,0,1,28.323232650756836,-28.323232650756836
7819,1,0,1,26.975799560546875,-26.975799560546875
7820,5,0,1,32.30741882324219,-32.30741882324219
7821,2,1,0,27.448192596435547,-27.448192596435547
7822,2,1,0,27.719913482666016,-27.719913482666016
7823,7,0,1,34.06400680541992,-34.06400680541992
7824,9,0,1,24.510318756103516,-24.510318756103516
7825,3,0,1,30.805328369140625,-30.805328369140625
7826,9,0,1,26.961708068847656,-26.961708068847656
7827,3,0,1,29.862377166748047,-29.862377166748047
7828,5,0,1,26.841691970825195,-26.841691970825195
7829,2,1,0,25.487865447998047,-25.487865447998047
7830,2,1,0,26.643980026245117,-26.643980026245117
7831,2,1,0,31.99392318725586,-31.99392318725586
7832,8,0,1,29.32180404663086,-29.32180404663086
7833,8,0,1,33.54384994506836,-33.54384994506836
7834,5,0,1,32.46432876586914,-32.46432876586914
7835,0,0,1,28.785213470458984,-28.785213470458984
7836,0,0,1,28.399532318115234,-28.399532318115234
7837,7,0,1,29.125804901123047,-29.125804901123047
7838,0,0,1,26.615209579467773,-26.615209579467773
7839,3,0,1,31.14912223815918,-31.14912223815918
7840,1,0,1,25.58200454711914,-25.58200454711914
7841,6,0,1,31.08465003967285,-31.08465003967285
7842,5,0,1,33.07749557495117,-33.07749557495117
7843,0,0,1,27.380691528320312,-27.380691528320312
7844,9,0,1,24.982099533081055,-24.982099533081055
7845,2,1,0,35.27595901489258,-35.27595901489258
7846,6,0,1,31.801555633544922,-31.801555633544922
7847,7,0,1,30.383750915527344,-30.383750915527344
7848,4,0,1,33.53029251098633,-33.53029251098633
7849,2,1,0,34.84720993041992,-34.84720993041992
7850,0,0,1,30.652976989746094,-30.652976989746094
7851,0,0,1,30.394763946533203,-30.394763946533203
7852,5,0,1,29.245420455932617,-29.245420455932617
7853,3,0,1,34.14973449707031,-34.14973449707031
7854,3,0,1,28.177410125732422,-28.177410125732422
7855,2,1,0,30.89679718017578,-30.89679718017578
7856,6,0,1,28.969322204589844,-28.969322204589844
7857,4,0,1,32.06663131713867,-32.06663131713867
7858,2,1,0,30.688634872436523,-30.688634872436523
7859,7,0,1,30.897396087646484,-30.897396087646484
7860,8,0,1,30.659162521362305,-30.659162521362305
7861,0,0,1,27.68203353881836,-27.68203353881836
7862,1,0,1,26.257761001586914,-26.257761001586914
7863,0,0,1,32.84267807006836,-32.84267807006836
7864,1,0,1,24.955528259277344,-24.955528259277344
7865,3,0,1,30.53228759765625,-30.53228759765625
7866,6,0,1,28.926666259765625,-28.926666259765625
7867,4,0,1,34.857547760009766,-34.857547760009766
7868,8,0,1,31.61138153076172,-31.61138153076172
7869,0,0,1,32.46355438232422,-32.46355438232422
7870,6,0,1,27.962718963623047,-27.962718963623047
7871,0,0,1,31.326534271240234,-31.326534271240234
7872,9,0,1,28.974239349365234,-28.974239349365234
7873,1,0,1,28.12447738647461,-28.12447738647461
7874,6,0,1,29.41319465637207,-29.41319465637207
7875,2,1,0,29.27553939819336,-29.27553939819336
7876,1,0,1,29.430652618408203,-29.430652618408203
7877,0,0,1,35.88775634765625,-35.88775634765625
7878,1,0,1,27.363325119018555,-27.363325119018555
7879,3,0,1,31.047672271728516,-31.047672271728516
7880,0,0,1,26.335155487060547,-26.335155487060547
7881,3,0,1,28.57852554321289,-28.57852554321289
7882,7,0,1,28.615821838378906,-28.615821838378906
7883,9,0,1,27.037803649902344,-27.037803649902344
7884,9,0,1,27.778865814208984,-27.778865814208984
7885,3,0,1,30.488693237304688,-30.488693237304688
7886,7,0,1,27.481433868408203,-27.481433868408203
7887,5,0,1,27.43453025817871,-27.43453025817871
7888,7,0,1,31.63257598876953,-31.63257598876953
7889,1,0,1,27.426523208618164,-27.426523208618164
7890,6,0,1,28.114112854003906,-28.114112854003906
7891,6,0,1,28.500572204589844,-28.500572204589844
7892,1,0,1,19.426382064819336,-19.426382064819336
7893,1,0,1,28.839981079101562,-28.839981079101562
7894,1,0,1,26.735776901245117,-26.735776901245117
7895,4,0,1,30.041046142578125,-30.041046142578125
7896,4,0,1,31.9532413482666,-31.9532413482666
7897,2,1,0,27.71140480041504,-27.71140480041504
7898,1,0,1,24.89419937133789,-24.89419937133789
7899,7,0,1,29.581298828125,-29.581298828125
7900,0,0,1,30.026987075805664,-30.026987075805664
7901,1,0,1,19.796546936035156,-19.796546936035156
7902,2,1,0,28.303966522216797,-28.303966522216797
7903,1,0,1,26.46349334716797,-26.46349334716797
7904,1,0,1,27.384187698364258,-27.384187698364258
7905,3,0,1,30.719738006591797,-30.719738006591797
7906,2,1,0,31.85354232788086,-31.85354232788086
7907,6,0,1,30.252716064453125,-30.252716064453125
7908,9,0,1,24.992624282836914,-24.992624282836914
7909,1,0,1,27.708311080932617,-27.708311080932617
7910,3,0,1,28.560413360595703,-28.560413360595703
7911,2,1,0,31.53264808654785,-31.53264808654785
7912,0,0,1,30.917770385742188,-30.917770385742188
7913,8,0,1,27.426258087158203,-27.426258087158203
7914,7,0,1,30.375764846801758,-30.375764846801758
7915,3,0,1,31.196502685546875,-31.196502685546875
7916,4,0,1,32.07734680175781,-32.07734680175781
7917,6,0,1,33.73116683959961,-33.73116683959961
7918,4,0,1,28.049991607666016,-28.049991607666016
7919,6,0,1,29.595947265625,-29.595947265625
7920,9,0,1,28.687652587890625,-28.687652587890625
7921,4,0,1,31.13356590270996,-31.13356590270996
7922,8,0,1,29.604164123535156,-29.604164123535156
7923,9,0,1,27.53325843811035,-27.53325843811035
7924,3,0,1,35.02654266357422,-35.02654266357422
7925,0,0,1,31.851818084716797,-31.851818084716797
7926,5,0,1,31.080154418945312,-31.080154418945312
7927,7,0,1,32.2484245300293,-32.2484245300293
7928,2,1,0,35.371368408203125,-35.371368408203125
7929,0,0,1,34.572147369384766,-34.572147369384766
7930,2,1,0,26.86703109741211,-26.86703109741211
7931,9,0,1,24.31307601928711,-24.31307601928711
7932,9,0,1,29.699359893798828,-29.699359893798828
7933,3,0,1,33.461341857910156,-33.461341857910156
7934,8,0,1,34.48295974731445,-34.48295974731445
7935,7,0,1,34.78422927856445,-34.78422927856445
7936,1,0,1,26.171817779541016,-26.171817779541016
7937,1,0,1,29.229806900024414,-29.229806900024414
7938,2,1,0,27.533920288085938,-27.533920288085938
7939,2,1,0,31.434715270996094,-31.434715270996094
7940,2,1,0,31.79833221435547,-31.79833221435547
7941,5,0,1,31.78829574584961,-31.78829574584961
7942,9,0,1,28.461477279663086,-28.461477279663086
7943,1,0,1,27.573711395263672,-27.573711395263672
7944,2,1,0,31.8200626373291,-31.8200626373291
7945,6,0,1,29.709693908691406,-29.709693908691406
7946,1,0,1,31.90809440612793,-31.90809440612793
7947,2,1,0,30.089759826660156,-30.089759826660156
7948,1,0,1,29.587547302246094,-29.587547302246094
7949,8,0,1,27.22831916809082,-27.22831916809082
7950,9,0,1,27.951793670654297,-27.951793670654297
7951,2,1,0,35.27162170410156,-35.27162170410156
7952,3,0,1,35.287322998046875,-35.287322998046875
7953,1,0,1,28.79961395263672,-28.79961395263672
7954,9,0,1,27.7022705078125,-27.7022705078125
7955,9,0,1,28.576725006103516,-28.576725006103516
7956,4,0,1,24.833080291748047,-24.833080291748047
7957,4,0,1,33.55097961425781,-33.55097961425781
7958,5,0,1,34.09813690185547,-34.09813690185547
7959,5,0,1,30.493133544921875,-30.493133544921875
7960,0,0,1,30.96413803100586,-30.96413803100586
7961,3,0,1,28.594161987304688,-28.594161987304688
7962,3,0,1,31.0081729888916,-31.0081729888916
7963,7,0,1,27.1572322845459,-27.1572322845459
7964,1,0,1,28.472021102905273,-28.472021102905273
7965,7,0,1,28.464284896850586,-28.464284896850586
7966,7,0,1,27.345741271972656,-27.345741271972656
7967,9,0,1,30.33829116821289,-30.33829116821289
7968,8,0,1,30.685714721679688,-30.685714721679688
7969,6,0,1,23.390737533569336,-23.390737533569336
7970,3,0,1,31.22673225402832,-31.22673225402832
7971,5,0,1,31.460369110107422,-31.460369110107422
7972,5,0,1,30.272998809814453,-30.272998809814453
7973,1,0,1,26.740036010742188,-26.740036010742188
7974,6,0,1,31.113235473632812,-31.113235473632812
7975,2,1,0,31.24152374267578,-31.24152374267578
7976,7,0,1,29.597335815429688,-29.597335815429688
7977,8,0,1,31.721378326416016,-31.721378326416016
7978,4,0,1,35.5771484375,-35.5771484375
7979,3,0,1,31.189983367919922,-31.189983367919922
7980,3,0,1,30.993953704833984,-30.993953704833984
7981,5,0,1,30.497148513793945,-30.497148513793945
7982,9,0,1,28.417692184448242,-28.417692184448242
7983,6,0,1,31.52005958557129,-31.52005958557129
7984,8,0,1,33.579315185546875,-33.579315185546875
7985,5,0,1,27.339977264404297,-27.339977264404297
7986,1,0,1,31.130407333374023,-31.130407333374023
7987,0,0,1,35.68425369262695,-35.68425369262695
7988,6,0,1,30.198650360107422,-30.198650360107422
7989,7,0,1,30.684173583984375,-30.684173583984375
7990,0,0,1,32.79432678222656,-32.79432678222656
7991,9,0,1,26.396522521972656,-26.396522521972656
7992,6,0,1,25.92527198791504,-25.92527198791504
7993,2,1,0,30.87820053100586,-30.87820053100586
7994,0,0,1,34.0728645324707,-34.0728645324707
7995,8,0,1,33.61973190307617,-33.61973190307617
7996,7,0,1,28.764263153076172,-28.764263153076172
7997,1,0,1,28.830936431884766,-28.830936431884766
7998,2,1,0,28.81414794921875,-28.81414794921875
7999,6,0,1,26.94866180419922,-26.94866180419922
8000,9,0,1,28.804258346557617,-28.804258346557617
8001,1,0,1,26.937427520751953,-26.937427520751953
8002,6,0,1,25.494827270507812,-25.494827270507812
8003,4,0,1,28.605201721191406,-28.605201721191406
8004,7,0,1,28.26653289794922,-28.26653289794922
8005,1,0,1,28.267318725585938,-28.267318725585938
8006,9,0,1,28.88843536376953,-28.88843536376953
8007,0,0,1,27.777976989746094,-27.777976989746094
8008,0,0,1,30.446308135986328,-30.446308135986328
8009,5,0,1,31.022581100463867,-31.022581100463867
8010,2,1,0,32.47460174560547,-32.47460174560547
8011,8,0,1,33.60378646850586,-33.60378646850586
8012,3,0,1,31.959823608398438,-31.959823608398438
8013,8,0,1,30.962963104248047,-30.962963104248047
8014,2,1,0,34.43463134765625,-34.43463134765625
8015,8,0,1,31.030860900878906,-31.030860900878906
8016,4,0,1,30.895875930786133,-30.895875930786133
8017,0,0,1,31.114669799804688,-31.114669799804688
8018,8,0,1,31.74518585205078,-31.74518585205078
8019,3,0,1,31.708209991455078,-31.708209991455078
8020,6,0,1,29.400436401367188,-29.400436401367188
8021,1,0,1,26.54819107055664,-26.54819107055664
8022,2,1,0,28.70699691772461,-28.70699691772461
8023,3,0,1,28.984786987304688,-28.984786987304688
8024,0,0,1,27.235584259033203,-27.235584259033203
8025,5,0,1,25.582069396972656,-25.582069396972656
8026,0,0,1,31.3397216796875,-31.3397216796875
8027,4,0,1,28.764842987060547,-28.764842987060547
8028,1,0,1,28.496694564819336,-28.496694564819336
8029,7,0,1,30.471168518066406,-30.471168518066406
8030,2,1,0,32.37387466430664,-32.37387466430664
8031,0,0,1,28.814048767089844,-28.814048767089844
8032,1,0,1,27.48642349243164,-27.48642349243164
8033,3,0,1,30.569782257080078,-30.569782257080078
8034,9,0,1,24.559085845947266,-24.559085845947266
8035,1,0,1,24.97426414489746,-24.97426414489746
8036,6,0,1,30.423534393310547,-30.423534393310547
8037,1,0,1,27.44757080078125,-27.44757080078125
8038,6,0,1,31.947174072265625,-31.947174072265625
8039,1,0,1,25.804840087890625,-25.804840087890625
8040,2,1,0,29.76085662841797,-29.76085662841797
8041,8,0,1,30.599750518798828,-30.599750518798828
8042,7,0,1,28.89784812927246,-28.89784812927246
8043,0,0,1,32.95248031616211,-32.95248031616211
8044,9,0,1,29.174819946289062,-29.174819946289062
8045,5,0,1,30.534685134887695,-30.534685134887695
8046,8,0,1,29.598146438598633,-29.598146438598633
8047,0,0,1,32.01652908325195,-32.01652908325195
8048,0,0,1,34.91656494140625,-34.91656494140625
8049,1,0,1,25.77449607849121,-25.77449607849121
8050,7,0,1,31.446334838867188,-31.446334838867188
8051,9,0,1,31.31667137145996,-31.31667137145996
8052,7,0,1,21.432445526123047,-21.432445526123047
8053,1,0,1,28.891979217529297,-28.891979217529297
8054,9,0,1,25.200166702270508,-25.200166702270508
8055,2,1,0,33.33159255981445,-33.33159255981445
8056,1,0,1,27.810823440551758,-27.810823440551758
8057,9,0,1,27.35439682006836,-27.35439682006836
8058,4,0,1,30.436542510986328,-30.436542510986328
8059,3,0,1,29.874217987060547,-29.874217987060547
8060,6,0,1,28.629776000976562,-28.629776000976562
8061,0,0,1,31.229700088500977,-31.229700088500977
8062,2,1,0,32.355499267578125,-32.355499267578125
8063,0,0,1,29.741029739379883,-29.741029739379883
8064,0,0,1,30.210308074951172,-30.210308074951172
8065,9,0,1,28.294204711914062,-28.294204711914062
8066,9,0,1,28.334962844848633,-28.334962844848633
8067,8,0,1,29.947668075561523,-29.947668075561523
8068,9,0,1,31.96295738220215,-31.96295738220215
8069,4,0,1,34.928489685058594,-34.928489685058594
8070,5,0,1,29.9888916015625,-29.9888916015625
8071,4,0,1,30.322690963745117,-30.322690963745117
8072,3,0,1,29.002857208251953,-29.002857208251953
8073,0,0,1,32.10825729370117,-32.10825729370117
8074,7,0,1,29.87204360961914,-29.87204360961914
8075,8,0,1,36.8092041015625,-36.8092041015625
8076,7,0,1,30.051937103271484,-30.051937103271484
8077,3,0,1,33.17362594604492,-33.17362594604492
8078,7,0,1,34.77342224121094,-34.77342224121094
8079,5,0,1,30.870586395263672,-30.870586395263672
8080,4,0,1,34.75849914550781,-34.75849914550781
8081,6,0,1,28.558082580566406,-28.558082580566406
8082,5,0,1,31.566574096679688,-31.566574096679688
8083,9,0,1,28.36851692199707,-28.36851692199707
8084,5,0,1,33.786415100097656,-33.786415100097656
8085,2,1,0,34.9402961730957,-34.9402961730957
8086,4,0,1,33.74150848388672,-33.74150848388672
8087,2,1,0,27.091190338134766,-27.091190338134766
8088,7,0,1,28.622528076171875,-28.622528076171875
8089,9,0,1,28.4303035736084,-28.4303035736084
8090,6,0,1,27.701740264892578,-27.701740264892578
8091,7,0,1,30.237285614013672,-30.237285614013672
8092,4,0,1,29.02940559387207,-29.02940559387207
8093,7,0,1,33.13251495361328,-33.13251495361328
8094,1,0,1,22.275341033935547,-22.275341033935547
8095,2,1,0,33.1768798828125,-33.1768798828125
8096,3,0,1,31.603633880615234,-31.603633880615234
8097,1,0,1,26.1148681640625,-26.1148681640625
8098,1,0,1,24.131752014160156,-24.131752014160156
8099,3,0,1,30.739688873291016,-30.739688873291016
8100,6,0,1,24.178510665893555,-24.178510665893555
8101,8,0,1,27.060340881347656,-27.060340881347656
8102,3,0,1,28.74892234802246,-28.74892234802246
8103,7,0,1,31.056480407714844,-31.056480407714844
8104,7,0,1,28.541061401367188,-28.541061401367188
8105,0,0,1,31.153236389160156,-31.153236389160156
8106,8,0,1,29.43850326538086,-29.43850326538086
8107,1,0,1,28.393489837646484,-28.393489837646484
8108,5,0,1,28.292102813720703,-28.292102813720703
8109,2,1,0,29.04013442993164,-29.04013442993164
8110,5,0,1,28.750688552856445,-28.750688552856445
8111,5,0,1,26.684078216552734,-26.684078216552734
8112,3,0,1,28.09834098815918,-28.09834098815918
8113,6,0,1,26.978515625,-26.978515625
8114,3,0,1,32.13953399658203,-32.13953399658203
8115,5,0,1,30.272541046142578,-30.272541046142578
8116,9,0,1,29.42763328552246,-29.42763328552246
8117,8,0,1,33.012969970703125,-33.012969970703125
8118,4,0,1,33.618839263916016,-33.618839263916016
8119,6,0,1,33.266700744628906,-33.266700744628906
8120,8,0,1,29.712738037109375,-29.712738037109375
8121,0,0,1,33.97981643676758,-33.97981643676758
8122,4,0,1,29.117555618286133,-29.117555618286133
8123,1,0,1,24.587100982666016,-24.587100982666016
8124,7,0,1,31.960094451904297,-31.960094451904297
8125,8,0,1,27.63068962097168,-27.63068962097168
8126,4,0,1,31.682065963745117,-31.682065963745117
8127,9,0,1,28.94730567932129,-28.94730567932129
8128,7,0,1,33.46284866333008,-33.46284866333008
8129,2,1,0,32.25294494628906,-32.25294494628906
8130,6,0,1,27.208498001098633,-27.208498001098633
8131,3,0,1,30.03997039794922,-30.03997039794922
8132,8,0,1,33.50260543823242,-33.50260543823242
8133,8,0,1,30.85733985900879,-30.85733985900879
8134,6,0,1,33.85224914550781,-33.85224914550781
8135,7,0,1,30.720970153808594,-30.720970153808594
8136,3,0,1,33.422672271728516,-33.422672271728516
8137,8,0,1,28.022966384887695,-28.022966384887695
8138,1,0,1,22.392107009887695,-22.392107009887695
8139,1,0,1,29.21489906311035,-29.21489906311035
8140,5,0,1,33.307228088378906,-33.307228088378906
8141,3,0,1,29.400917053222656,-29.400917053222656
8142,7,0,1,33.817222595214844,-33.817222595214844
8143,9,0,1,25.96755027770996,-25.96755027770996
8144,9,0,1,21.334190368652344,-21.334190368652344
8145,9,0,1,27.926536560058594,-27.926536560058594
8146,8,0,1,29.43747329711914,-29.43747329711914
8147,5,0,1,28.180017471313477,-28.180017471313477
8148,9,0,1,31.866985321044922,-31.866985321044922
8149,9,0,1,26.07708740234375,-26.07708740234375
8150,6,0,1,23.190431594848633,-23.190431594848633
8151,8,0,1,31.19939422607422,-31.19939422607422
8152,8,0,1,30.010944366455078,-30.010944366455078
8153,4,0,1,32.377864837646484,-32.377864837646484
8154,8,0,1,29.136707305908203,-29.136707305908203
8155,1,0,1,28.10214614868164,-28.10214614868164
8156,0,0,1,29.52587127685547,-29.52587127685547
8157,1,0,1,27.538999557495117,-27.538999557495117
8158,8,0,1,32.891876220703125,-32.891876220703125
8159,8,0,1,28.474937438964844,-28.474937438964844
8160,6,0,1,29.646135330200195,-29.646135330200195
8161,5,0,1,28.649141311645508,-28.649141311645508
8162,9,0,1,26.028717041015625,-26.028717041015625
8163,0,0,1,29.905433654785156,-29.905433654785156
8164,6,0,1,31.33428955078125,-31.33428955078125
8165,1,0,1,30.449220657348633,-30.449220657348633
8166,2,1,0,28.069602966308594,-28.069602966308594
8167,6,0,1,26.99238395690918,-26.99238395690918
8168,6,0,1,31.780607223510742,-31.780607223510742
8169,3,0,1,20.206361770629883,-20.206361770629883
8170,5,0,1,30.04496192932129,-30.04496192932129
8171,6,0,1,29.31207275390625,-29.31207275390625
8172,5,0,1,33.058780670166016,-33.058780670166016
8173,5,0,1,26.887359619140625,-26.887359619140625
8174,3,0,1,28.9386043548584,-28.9386043548584
8175,3,0,1,32.501319885253906,-32.501319885253906
8176,6,0,1,27.949787139892578,-27.949787139892578
8177,8,0,1,30.19979476928711,-30.19979476928711
8178,9,0,1,23.86041259765625,-23.86041259765625
8179,4,0,1,33.38360595703125,-33.38360595703125
8180,4,0,1,31.464488983154297,-31.464488983154297
8181,3,0,1,30.998220443725586,-30.998220443725586
8182,8,0,1,32.10107421875,-32.10107421875
8183,3,0,1,30.355112075805664,-30.355112075805664
8184,6,0,1,31.458568572998047,-31.458568572998047
8185,0,0,1,30.666196823120117,-30.666196823120117
8186,8,0,1,33.858150482177734,-33.858150482177734
8187,5,0,1,29.721073150634766,-29.721073150634766
8188,7,0,1,27.613121032714844,-27.613121032714844
8189,8,0,1,26.653133392333984,-26.653133392333984
8190,4,0,1,27.98907470703125,-27.98907470703125
8191,6,0,1,34.55603790283203,-34.55603790283203
8192,5,0,1,28.309032440185547,-28.309032440185547
8193,3,0,1,29.292306900024414,-29.292306900024414
8194,1,0,1,29.467164993286133,-29.467164993286133
8195,8,0,1,29.95160675048828,-29.95160675048828
8196,3,0,1,29.75606918334961,-29.75606918334961
8197,0,0,1,31.589900970458984,-31.589900970458984
8198,4,0,1,29.988880157470703,-29.988880157470703
8199,4,0,1,26.92864990234375,-26.92864990234375
8200,3,0,1,30.788002014160156,-30.788002014160156
8201,3,0,1,31.624711990356445,-31.624711990356445
8202,5,0,1,32.186981201171875,-32.186981201171875
8203,3,0,1,31.21750259399414,-31.21750259399414
8204,3,0,1,31.976877212524414,-31.976877212524414
8205,2,1,0,34.23804473876953,-34.23804473876953
8206,7,0,1,30.165340423583984,-30.165340423583984
8207,7,0,1,25.58976173400879,-25.58976173400879
8208,8,0,1,31.630847930908203,-31.630847930908203
8209,2,1,0,28.84067153930664,-28.84067153930664
8210,0,0,1,32.98052215576172,-32.98052215576172
8211,5,0,1,29.56928253173828,-29.56928253173828
8212,5,0,1,29.49164581298828,-29.49164581298828
8213,6,0,1,27.238420486450195,-27.238420486450195
8214,1,0,1,30.304641723632812,-30.304641723632812
8215,1,0,1,23.102397918701172,-23.102397918701172
8216,3,0,1,28.70827865600586,-28.70827865600586
8217,9,0,1,24.090530395507812,-24.090530395507812
8218,9,0,1,27.216949462890625,-27.216949462890625
8219,3,0,1,29.38637351989746,-29.38637351989746
8220,6,0,1,29.828771591186523,-29.828771591186523
8221,7,0,1,28.17411231994629,-28.17411231994629
8222,1,0,1,27.529251098632812,-27.529251098632812
8223,8,0,1,35.06389617919922,-35.06389617919922
8224,3,0,1,31.20800018310547,-31.20800018310547
8225,9,0,1,27.266155242919922,-27.266155242919922
8226,8,0,1,31.354549407958984,-31.354549407958984
8227,7,0,1,30.069421768188477,-30.069421768188477
8228,8,0,1,31.910144805908203,-31.910144805908203
8229,8,0,1,25.752365112304688,-25.752365112304688
8230,0,0,1,30.366418838500977,-30.366418838500977
8231,3,0,1,28.716032028198242,-28.716032028198242
8232,2,1,0,32.34223175048828,-32.34223175048828
8233,4,0,1,23.228832244873047,-23.228832244873047
8234,8,0,1,29.75528907775879,-29.75528907775879
8235,7,0,1,25.783157348632812,-25.783157348632812
8236,5,0,1,37.27385330200195,-37.27385330200195
8237,7,0,1,29.996978759765625,-29.996978759765625
8238,1,0,1,28.35007095336914,-28.35007095336914
8239,8,0,1,30.979965209960938,-30.979965209960938
8240,7,0,1,31.465145111083984,-31.465145111083984
8241,3,0,1,30.19991111755371,-30.19991111755371
8242,5,0,1,30.127666473388672,-30.127666473388672
8243,4,0,1,28.936328887939453,-28.936328887939453
8244,4,0,1,31.810697555541992,-31.810697555541992
8245,3,0,1,29.41683578491211,-29.41683578491211
8246,8,0,1,33.35938262939453,-33.35938262939453
8247,6,0,1,25.30971336364746,-25.30971336364746
8248,1,0,1,35.20044708251953,-35.20044708251953
8249,1,0,1,31.23133087158203,-31.23133087158203
8250,6,0,1,29.721145629882812,-29.721145629882812
8251,3,0,1,29.270322799682617,-29.270322799682617
8252,2,1,0,32.327491760253906,-32.327491760253906
8253,2,1,0,29.45091438293457,-29.45091438293457
8254,8,0,1,30.306089401245117,-30.306089401245117
8255,9,0,1,25.017868041992188,-25.017868041992188
8256,8,0,1,29.369213104248047,-29.369213104248047
8257,3,0,1,27.382173538208008,-27.382173538208008
8258,3,0,1,33.9632682800293,-33.9632682800293
8259,8,0,1,28.165966033935547,-28.165966033935547
8260,1,0,1,27.290634155273438,-27.290634155273438
8261,1,0,1,31.592693328857422,-31.592693328857422
8262,0,0,1,30.553213119506836,-30.553213119506836
8263,5,0,1,27.995372772216797,-27.995372772216797
8264,2,1,0,33.9499397277832,-33.9499397277832
8265,0,0,1,32.489845275878906,-32.489845275878906
8266,5,0,1,27.396671295166016,-27.396671295166016
8267,0,0,1,31.116716384887695,-31.116716384887695
8268,5,0,1,34.17523956298828,-34.17523956298828
8269,8,0,1,27.43022918701172,-27.43022918701172
8270,6,0,1,30.053544998168945,-30.053544998168945
8271,3,0,1,30.523761749267578,-30.523761749267578
8272,9,0,1,27.321674346923828,-27.321674346923828
8273,6,0,1,29.12818145751953,-29.12818145751953
8274,6,0,1,30.724262237548828,-30.724262237548828
8275,3,0,1,30.11381721496582,-30.11381721496582
8276,9,0,1,33.044246673583984,-33.044246673583984
8277,4,0,1,30.84431266784668,-30.84431266784668
8278,8,0,1,31.56232452392578,-31.56232452392578
8279,3,0,1,30.332401275634766,-30.332401275634766
8280,4,0,1,29.681838989257812,-29.681838989257812
8281,3,0,1,29.34449005126953,-29.34449005126953
8282,1,0,1,28.881568908691406,-28.881568908691406
8283,1,0,1,26.801254272460938,-26.801254272460938
8284,2,1,0,33.558998107910156,-33.558998107910156
8285,9,0,1,30.147212982177734,-30.147212982177734
8286,7,0,1,26.979232788085938,-26.979232788085938
8287,8,0,1,31.33010482788086,-31.33010482788086
8288,5,0,1,32.57835388183594,-32.57835388183594
8289,5,0,1,27.04891014099121,-27.04891014099121
8290,8,0,1,35.56880187988281,-35.56880187988281
8291,6,0,1,23.741413116455078,-23.741413116455078
8292,9,0,1,28.096942901611328,-28.096942901611328
8293,0,0,1,23.372669219970703,-23.372669219970703
8294,8,0,1,27.542152404785156,-27.542152404785156
8295,3,0,1,31.066125869750977,-31.066125869750977
8296,5,0,1,28.70334243774414,-28.70334243774414
8297,1,0,1,27.10411262512207,-27.10411262512207
8298,3,0,1,30.59307098388672,-30.59307098388672
8299,3,0,1,30.799463272094727,-30.799463272094727
8300,5,0,1,31.204721450805664,-31.204721450805664
8301,5,0,1,31.729841232299805,-31.729841232299805
8302,3,0,1,31.683612823486328,-31.683612823486328
8303,8,0,1,31.680782318115234,-31.680782318115234
8304,1,0,1,30.516618728637695,-30.516618728637695
8305,4,0,1,31.862945556640625,-31.862945556640625
8306,6,0,1,29.756526947021484,-29.756526947021484
8307,4,0,1,31.68010902404785,-31.68010902404785
8308,2,1,0,30.00188446044922,-30.00188446044922
8309,4,0,1,28.981708526611328,-28.981708526611328
8310,3,0,1,28.072481155395508,-28.072481155395508
8311,8,0,1,26.495342254638672,-26.495342254638672
8312,9,0,1,29.196399688720703,-29.196399688720703
8313,6,0,1,28.3536319732666,-28.3536319732666
8314,6,0,1,29.443096160888672,-29.443096160888672
8315,6,0,1,31.67098045349121,-31.67098045349121
8316,5,0,1,31.472152709960938,-31.472152709960938
8317,5,0,1,34.63985061645508,-34.63985061645508
8318,2,1,0,31.264007568359375,-31.264007568359375
8319,7,0,1,29.427051544189453,-29.427051544189453
8320,7,0,1,31.44709587097168,-31.44709587097168
8321,4,0,1,32.866661071777344,-32.866661071777344
8322,4,0,1,34.39678955078125,-34.39678955078125
8323,9,0,1,28.93602752685547,-28.93602752685547
8324,3,0,1,29.299991607666016,-29.299991607666016
8325,8,0,1,29.443138122558594,-29.443138122558594
8326,3,0,1,34.31563949584961,-34.31563949584961
8327,7,0,1,30.049291610717773,-30.049291610717773
8328,7,0,1,32.36038589477539,-32.36038589477539
8329,8,0,1,30.710092544555664,-30.710092544555664
8330,5,0,1,31.642311096191406,-31.642311096191406
8331,3,0,1,32.658119201660156,-32.658119201660156
8332,9,0,1,28.475540161132812,-28.475540161132812
8333,1,0,1,29.33260726928711,-29.33260726928711
8334,6,0,1,33.314369201660156,-33.314369201660156
8335,7,0,1,33.27286911010742,-33.27286911010742
8336,3,0,1,29.390037536621094,-29.390037536621094
8337,3,0,1,27.49472999572754,-27.49472999572754
8338,3,0,1,25.84287452697754,-25.84287452697754
8339,8,0,1,30.807201385498047,-30.807201385498047
8340,5,0,1,31.384199142456055,-31.384199142456055
8341,6,0,1,29.198612213134766,-29.198612213134766
8342,1,0,1,27.85327911376953,-27.85327911376953
8343,3,0,1,29.596805572509766,-29.596805572509766
8344,7,0,1,29.400266647338867,-29.400266647338867
8345,9,0,1,26.518489837646484,-26.518489837646484
8346,6,0,1,29.20943260192871,-29.20943260192871
8347,1,0,1,24.639299392700195,-24.639299392700195
8348,6,0,1,29.541860580444336,-29.541860580444336
8349,4,0,1,26.828657150268555,-26.828657150268555
8350,9,0,1,27.26862907409668,-27.26862907409668
8351,0,0,1,32.81535339355469,-32.81535339355469
8352,5,0,1,30.54879379272461,-30.54879379272461
8353,7,0,1,28.656837463378906,-28.656837463378906
8354,4,0,1,28.38172149658203,-28.38172149658203
8355,9,0,1,28.74903106689453,-28.74903106689453
8356,1,0,1,25.491268157958984,-25.491268157958984
8357,0,0,1,34.68385314941406,-34.68385314941406
8358,0,0,1,35.03032302856445,-35.03032302856445
8359,2,1,0,25.558353424072266,-25.558353424072266
8360,7,0,1,29.518484115600586,-29.518484115600586
8361,8,0,1,30.128786087036133,-30.128786087036133
8362,3,0,1,31.47820281982422,-31.47820281982422
8363,2,1,0,26.103639602661133,-26.103639602661133
8364,7,0,1,28.78559112548828,-28.78559112548828
8365,6,0,1,24.20001983642578,-24.20001983642578
8366,1,0,1,21.237560272216797,-21.237560272216797
8367,6,0,1,29.860149383544922,-29.860149383544922
8368,6,0,1,28.677400588989258,-28.677400588989258
8369,4,0,1,32.927337646484375,-32.927337646484375
8370,4,0,1,32.02627944946289,-32.02627944946289
8371,2,1,0,32.33134460449219,-32.33134460449219
8372,1,0,1,30.184785842895508,-30.184785842895508
8373,8,0,1,32.50093460083008,-32.50093460083008
8374,4,0,1,33.53709411621094,-33.53709411621094
8375,4,0,1,29.86214828491211,-29.86214828491211
8376,7,0,1,27.50808334350586,-27.50808334350586
8377,8,0,1,31.1724910736084,-31.1724910736084
8378,5,0,1,32.367000579833984,-32.367000579833984
8379,8,0,1,32.12294006347656,-32.12294006347656
8380,9,0,1,28.357847213745117,-28.357847213745117
8381,4,0,1,31.469270706176758,-31.469270706176758
8382,3,0,1,31.12822723388672,-31.12822723388672
8383,2,1,0,35.7903938293457,-35.7903938293457
8384,2,1,0,27.30213737487793,-27.30213737487793
8385,9,0,1,31.628501892089844,-31.628501892089844
8386,3,0,1,31.05146598815918,-31.05146598815918
8387,0,0,1,32.7135009765625,-32.7135009765625
8388,1,0,1,31.455171585083008,-31.455171585083008
8389,1,0,1,28.685302734375,-28.685302734375
8390,1,0,1,31.021730422973633,-31.021730422973633
8391,1,0,1,29.410802841186523,-29.410802841186523
8392,6,0,1,29.626991271972656,-29.626991271972656
8393,8,0,1,31.244117736816406,-31.244117736816406
8394,7,0,1,34.18473815917969,-34.18473815917969
8395,1,0,1,30.648303985595703,-30.648303985595703
8396,3,0,1,30.288314819335938,-30.288314819335938
8397,0,0,1,33.544639587402344,-33.544639587402344
8398,4,0,1,30.04363250732422,-30.04363250732422
8399,5,0,1,30.546335220336914,-30.546335220336914
8400,0,0,1,33.081016540527344,-33.081016540527344
8401,3,0,1,30.556900024414062,-30.556900024414062
8402,0,0,1,31.116592407226562,-31.116592407226562
8403,6,0,1,30.02191162109375,-30.02191162109375
8404,2,1,0,30.175371170043945,-30.175371170043945
8405,0,0,1,34.125267028808594,-34.125267028808594
8406,9,0,1,30.638525009155273,-30.638525009155273
8407,8,0,1,31.42528533935547,-31.42528533935547
8408,6,0,1,31.516921997070312,-31.516921997070312
8409,8,0,1,30.256057739257812,-30.256057739257812
8410,5,0,1,27.599714279174805,-27.599714279174805
8411,8,0,1,33.12165832519531,-33.12165832519531
8412,2,1,0,31.6256046295166,-31.6256046295166
8413,9,0,1,27.282087326049805,-27.282087326049805
8414,6,0,1,32.20367431640625,-32.20367431640625
8415,0,0,1,31.08017349243164,-31.08017349243164
8416,6,0,1,29.714820861816406,-29.714820861816406
8417,1,0,1,26.72846221923828,-26.72846221923828
8418,8,0,1,32.227386474609375,-32.227386474609375
8419,7,0,1,33.452903747558594,-33.452903747558594
8420,3,0,1,30.147403717041016,-30.147403717041016
8421,2,1,0,26.958087921142578,-26.958087921142578
8422,2,1,0,33.432098388671875,-33.432098388671875
8423,6,0,1,28.545730590820312,-28.545730590820312
8424,5,0,1,33.298683166503906,-33.298683166503906
8425,6,0,1,31.406478881835938,-31.406478881835938
8426,9,0,1,31.005813598632812,-31.005813598632812
8427,2,1,0,30.117767333984375,-30.117767333984375
8428,5,0,1,31.136192321777344,-31.136192321777344
8429,4,0,1,31.061359405517578,-31.061359405517578
8430,9,0,1,28.744510650634766,-28.744510650634766
8431,8,0,1,32.012210845947266,-32.012210845947266
8432,5,0,1,28.319551467895508,-28.319551467895508
8433,3,0,1,32.35420608520508,-32.35420608520508
8434,9,0,1,25.67104148864746,-25.67104148864746
8435,3,0,1,28.554969787597656,-28.554969787597656
8436,5,0,1,31.979202270507812,-31.979202270507812
8437,7,0,1,28.215782165527344,-28.215782165527344
8438,1,0,1,31.736400604248047,-31.736400604248047
8439,8,0,1,31.225492477416992,-31.225492477416992
8440,5,0,1,30.32353401184082,-30.32353401184082
8441,8,0,1,31.871519088745117,-31.871519088745117
8442,6,0,1,25.1656494140625,-25.1656494140625
8443,2,1,0,30.304988861083984,-30.304988861083984
8444,5,0,1,30.88595199584961,-30.88595199584961
8445,1,0,1,26.677745819091797,-26.677745819091797
8446,3,0,1,31.258268356323242,-31.258268356323242
8447,0,0,1,28.356155395507812,-28.356155395507812
8448,4,0,1,29.863622665405273,-29.863622665405273
8449,1,0,1,26.944108963012695,-26.944108963012695
8450,9,0,1,29.368453979492188,-29.368453979492188
8451,5,0,1,30.173322677612305,-30.173322677612305
8452,4,0,1,33.0366325378418,-33.0366325378418
8453,9,0,1,25.753524780273438,-25.753524780273438
8454,2,1,0,27.206256866455078,-27.206256866455078
8455,1,0,1,23.809480667114258,-23.809480667114258
8456,4,0,1,26.81805419921875,-26.81805419921875
8457,2,1,0,33.40536117553711,-33.40536117553711
8458,5,0,1,27.763479232788086,-27.763479232788086
8459,9,0,1,26.918651580810547,-26.918651580810547
8460,8,0,1,33.682960510253906,-33.682960510253906
8461,7,0,1,27.634204864501953,-27.634204864501953
8462,2,1,0,29.379833221435547,-29.379833221435547
8463,1,0,1,29.09071922302246,-29.09071922302246
8464,6,0,1,32.40632629394531,-32.40632629394531
8465,9,0,1,27.804763793945312,-27.804763793945312
8466,7,0,1,19.64201545715332,-19.64201545715332
8467,3,0,1,28.7767391204834,-28.7767391204834
8468,6,0,1,30.006086349487305,-30.006086349487305
8469,5,0,1,25.160236358642578,-25.160236358642578
8470,8,0,1,31.058387756347656,-31.058387756347656
8471,0,0,1,29.830196380615234,-29.830196380615234
8472,2,1,0,34.134559631347656,-34.134559631347656
8473,2,1,0,33.40161895751953,-33.40161895751953
8474,4,0,1,34.55189514160156,-34.55189514160156
8475,9,0,1,29.117307662963867,-29.117307662963867
8476,0,0,1,32.39596176147461,-32.39596176147461
8477,5,0,1,28.55884552001953,-28.55884552001953
8478,5,0,1,31.704925537109375,-31.704925537109375
8479,4,0,1,34.40276336669922,-34.40276336669922
8480,2,1,0,31.099483489990234,-31.099483489990234
8481,3,0,1,32.52239227294922,-32.52239227294922
8482,1,0,1,28.964475631713867,-28.964475631713867
8483,0,0,1,33.072845458984375,-33.072845458984375
8484,3,0,1,27.70931625366211,-27.70931625366211
8485,0,0,1,30.764989852905273,-30.764989852905273
8486,4,0,1,32.32570266723633,-32.32570266723633
8487,4,0,1,31.347442626953125,-31.347442626953125
8488,9,0,1,28.230968475341797,-28.230968475341797
8489,1,0,1,29.032358169555664,-29.032358169555664
8490,3,0,1,29.855361938476562,-29.855361938476562
8491,3,0,1,33.33878707885742,-33.33878707885742
8492,0,0,1,28.750743865966797,-28.750743865966797
8493,2,1,0,31.698705673217773,-31.698705673217773
8494,1,0,1,29.69261360168457,-29.69261360168457
8495,1,0,1,25.03524398803711,-25.03524398803711
8496,0,0,1,32.14358139038086,-32.14358139038086
8497,4,0,1,29.36441993713379,-29.36441993713379
8498,1,0,1,31.664182662963867,-31.664182662963867
8499,9,0,1,31.994461059570312,-31.994461059570312
8500,4,0,1,32.42426300048828,-32.42426300048828
8501,8,0,1,33.72591018676758,-33.72591018676758
8502,1,0,1,28.35748863220215,-28.35748863220215
8503,1,0,1,28.249141693115234,-28.249141693115234
8504,1,0,1,20.366485595703125,-20.366485595703125
8505,5,0,1,32.877994537353516,-32.877994537353516
8506,9,0,1,26.680574417114258,-26.680574417114258
8507,8,0,1,33.572265625,-33.572265625
8508,1,0,1,26.77029037475586,-26.77029037475586
8509,6,0,1,25.257343292236328,-25.257343292236328
8510,7,0,1,29.171974182128906,-29.171974182128906
8511,2,1,0,32.55691146850586,-32.55691146850586
8512,9,0,1,28.499418258666992,-28.499418258666992
8513,9,0,1,24.10002899169922,-24.10002899169922
8514,7,0,1,29.223724365234375,-29.223724365234375
8515,8,0,1,27.247568130493164,-27.247568130493164
8516,8,0,1,33.68739700317383,-33.68739700317383
8517,1,0,1,27.932010650634766,-27.932010650634766
8518,9,0,1,30.828380584716797,-30.828380584716797
8519,7,0,1,30.300098419189453,-30.300098419189453
8520,8,0,1,29.36878204345703,-29.36878204345703
8521,9,0,1,31.532360076904297,-31.532360076904297
8522,1,0,1,28.071029663085938,-28.071029663085938
8523,6,0,1,31.353036880493164,-31.353036880493164
8524,6,0,1,34.050682067871094,-34.050682067871094
8525,3,0,1,27.328136444091797,-27.328136444091797
8526,3,0,1,29.15614891052246,-29.15614891052246
8527,1,0,1,28.70020866394043,-28.70020866394043
8528,3,0,1,31.364200592041016,-31.364200592041016
8529,0,0,1,25.465269088745117,-25.465269088745117
8530,8,0,1,31.900461196899414,-31.900461196899414
8531,8,0,1,29.404748916625977,-29.404748916625977
8532,3,0,1,32.093894958496094,-32.093894958496094
8533,6,0,1,30.640239715576172,-30.640239715576172
8534,6,0,1,28.223453521728516,-28.223453521728516
8535,7,0,1,30.522024154663086,-30.522024154663086
8536,1,0,1,30.56034278869629,-30.56034278869629
8537,0,0,1,29.977508544921875,-29.977508544921875
8538,7,0,1,30.70854377746582,-30.70854377746582
8539,6,0,1,26.359107971191406,-26.359107971191406
8540,4,0,1,34.69597625732422,-34.69597625732422
8541,8,0,1,28.79300880432129,-28.79300880432129
8542,2,1,0,29.74751091003418,-29.74751091003418
8543,0,0,1,29.24209213256836,-29.24209213256836
8544,6,0,1,29.87541961669922,-29.87541961669922
8545,6,0,1,24.96413803100586,-24.96413803100586
8546,8,0,1,30.981515884399414,-30.981515884399414
8547,6,0,1,26.128780364990234,-26.128780364990234
8548,3,0,1,29.365901947021484,-29.365901947021484
8549,1,0,1,25.717880249023438,-25.717880249023438
8550,1,0,1,28.01142692565918,-28.01142692565918
8551,8,0,1,30.344728469848633,-30.344728469848633
8552,6,0,1,27.732799530029297,-27.732799530029297
8553,7,0,1,26.612777709960938,-26.612777709960938
8554,0,0,1,26.859249114990234,-26.859249114990234
8555,5,0,1,35.04222869873047,-35.04222869873047
8556,4,0,1,29.314311981201172,-29.314311981201172
8557,3,0,1,29.142892837524414,-29.142892837524414
8558,2,1,0,29.946937561035156,-29.946937561035156
8559,1,0,1,24.050222396850586,-24.050222396850586
8560,7,0,1,27.415945053100586,-27.415945053100586
8561,8,0,1,32.77098846435547,-32.77098846435547
8562,2,1,0,20.397932052612305,-20.397932052612305
8563,0,0,1,31.912277221679688,-31.912277221679688
8564,1,0,1,31.344457626342773,-31.344457626342773
8565,7,0,1,29.860187530517578,-29.860187530517578
8566,4,0,1,27.18924331665039,-27.18924331665039
8567,8,0,1,32.22762680053711,-32.22762680053711
8568,7,0,1,25.30692481994629,-25.30692481994629
8569,6,0,1,26.05328369140625,-26.05328369140625
8570,6,0,1,28.196874618530273,-28.196874618530273
8571,7,0,1,29.082138061523438,-29.082138061523438
8572,0,0,1,34.44004440307617,-34.44004440307617
8573,6,0,1,32.231075286865234,-32.231075286865234
8574,4,0,1,29.582412719726562,-29.582412719726562
8575,9,0,1,24.21002960205078,-24.21002960205078
8576,2,1,0,30.060441970825195,-30.060441970825195
8577,3,0,1,28.1216983795166,-28.1216983795166
8578,2,1,0,30.65500259399414,-30.65500259399414
8579,1,0,1,23.366594314575195,-23.366594314575195
8580,3,0,1,23.244049072265625,-23.244049072265625
8581,8,0,1,28.51825523376465,-28.51825523376465
8582,6,0,1,28.472564697265625,-28.472564697265625
8583,8,0,1,26.94727325439453,-26.94727325439453
8584,1,0,1,31.5781192779541,-31.5781192779541
8585,9,0,1,30.454837799072266,-30.454837799072266
8586,6,0,1,29.165573120117188,-29.165573120117188
8587,7,0,1,29.706626892089844,-29.706626892089844
8588,6,0,1,29.143165588378906,-29.143165588378906
8589,5,0,1,31.91200828552246,-31.91200828552246
8590,0,0,1,28.80229949951172,-28.80229949951172
8591,6,0,1,29.205955505371094,-29.205955505371094
8592,0,0,1,29.578296661376953,-29.578296661376953
8593,1,0,1,25.4768009185791,-25.4768009185791
8594,3,0,1,26.769588470458984,-26.769588470458984
8595,1,0,1,28.99277687072754,-28.99277687072754
8596,1,0,1,28.885181427001953,-28.885181427001953
8597,5,0,1,28.014448165893555,-28.014448165893555
8598,3,0,1,25.794639587402344,-25.794639587402344
8599,4,0,1,31.322450637817383,-31.322450637817383
8600,3,0,1,30.723770141601562,-30.723770141601562
8601,3,0,1,32.59955596923828,-32.59955596923828
8602,8,0,1,29.44058609008789,-29.44058609008789
8603,1,0,1,29.685073852539062,-29.685073852539062
8604,6,0,1,28.858333587646484,-28.858333587646484
8605,6,0,1,32.22734069824219,-32.22734069824219
8606,1,0,1,27.809505462646484,-27.809505462646484
8607,8,0,1,30.998872756958008,-30.998872756958008
8608,8,0,1,30.48052406311035,-30.48052406311035
8609,6,0,1,26.901752471923828,-26.901752471923828
8610,2,1,0,29.686298370361328,-29.686298370361328
8611,7,0,1,31.21112632751465,-31.21112632751465
8612,4,0,1,33.691707611083984,-33.691707611083984
8613,6,0,1,31.075927734375,-31.075927734375
8614,8,0,1,27.986305236816406,-27.986305236816406
8615,9,0,1,27.234216690063477,-27.234216690063477
8616,3,0,1,32.57253646850586,-32.57253646850586
8617,3,0,1,33.277774810791016,-33.277774810791016
8618,5,0,1,31.24713134765625,-31.24713134765625
8619,5,0,1,27.606990814208984,-27.606990814208984
8620,3,0,1,28.412582397460938,-28.412582397460938
8621,1,0,1,25.31919288635254,-25.31919288635254
8622,4,0,1,32.611968994140625,-32.611968994140625
8623,1,0,1,25.834903717041016,-25.834903717041016
8624,9,0,1,25.545957565307617,-25.545957565307617
8625,5,0,1,29.521371841430664,-29.521371841430664
8626,1,0,1,29.261066436767578,-29.261066436767578
8627,7,0,1,31.311542510986328,-31.311542510986328
8628,7,0,1,31.64073371887207,-31.64073371887207
8629,7,0,1,30.02051544189453,-30.02051544189453
8630,5,0,1,27.035621643066406,-27.035621643066406
8631,2,1,0,30.863941192626953,-30.863941192626953
8632,3,0,1,34.545684814453125,-34.545684814453125
8633,3,0,1,34.014183044433594,-34.014183044433594
8634,6,0,1,35.26418685913086,-35.26418685913086
8635,6,0,1,28.509363174438477,-28.509363174438477
8636,6,0,1,30.16468620300293,-30.16468620300293
8637,4,0,1,33.40296936035156,-33.40296936035156
8638,0,0,1,33.18940353393555,-33.18940353393555
8639,7,0,1,27.636274337768555,-27.636274337768555
8640,1,0,1,27.119504928588867,-27.119504928588867
8641,7,0,1,30.683181762695312,-30.683181762695312
8642,3,0,1,29.686447143554688,-29.686447143554688
8643,0,0,1,31.47341537475586,-31.47341537475586
8644,8,0,1,33.13658142089844,-33.13658142089844
8645,1,0,1,28.350379943847656,-28.350379943847656
8646,2,1,0,29.4080867767334,-29.4080867767334
8647,4,0,1,26.62225341796875,-26.62225341796875
8648,1,0,1,34.508392333984375,-34.508392333984375
8649,2,1,0,29.98432731628418,-29.98432731628418
8650,2,1,0,31.843929290771484,-31.843929290771484
8651,4,0,1,33.976402282714844,-33.976402282714844
8652,9,0,1,27.966407775878906,-27.966407775878906
8653,8,0,1,28.529842376708984,-28.529842376708984
8654,2,1,0,30.202686309814453,-30.202686309814453
8655,8,0,1,29.214702606201172,-29.214702606201172
8656,7,0,1,29.093395233154297,-29.093395233154297
8657,6,0,1,31.293088912963867,-31.293088912963867
8658,3,0,1,33.21469497680664,-33.21469497680664
8659,4,0,1,34.32477569580078,-34.32477569580078
8660,7,0,1,29.533226013183594,-29.533226013183594
8661,2,1,0,27.7631778717041,-27.7631778717041
8662,3,0,1,33.245765686035156,-33.245765686035156
8663,1,0,1,25.82645034790039,-25.82645034790039
8664,5,0,1,29.507198333740234,-29.507198333740234
8665,3,0,1,30.648149490356445,-30.648149490356445
8666,0,0,1,27.63292694091797,-27.63292694091797
8667,4,0,1,31.67112922668457,-31.67112922668457
8668,3,0,1,26.499114990234375,-26.499114990234375
8669,4,0,1,32.27012252807617,-32.27012252807617
8670,9,0,1,31.249055862426758,-31.249055862426758
8671,4,0,1,29.82790756225586,-29.82790756225586
8672,7,0,1,29.644351959228516,-29.644351959228516
8673,9,0,1,27.483545303344727,-27.483545303344727
8674,1,0,1,29.323936462402344,-29.323936462402344
8675,7,0,1,28.213329315185547,-28.213329315185547
8676,8,0,1,30.46115493774414,-30.46115493774414
8677,3,0,1,29.709840774536133,-29.709840774536133
8678,1,0,1,31.882064819335938,-31.882064819335938
8679,8,0,1,27.246910095214844,-27.246910095214844
8680,3,0,1,31.026927947998047,-31.026927947998047
8681,2,1,0,32.9351806640625,-32.9351806640625
8682,5,0,1,28.195966720581055,-28.195966720581055
8683,7,0,1,27.040691375732422,-27.040691375732422
8684,2,1,0,27.55692481994629,-27.55692481994629
8685,7,0,1,28.915130615234375,-28.915130615234375
8686,9,0,1,28.802181243896484,-28.802181243896484
8687,6,0,1,34.55235290527344,-34.55235290527344
8688,8,0,1,30.220916748046875,-30.220916748046875
8689,6,0,1,29.30754280090332,-29.30754280090332
8690,8,0,1,35.25724411010742,-35.25724411010742
8691,6,0,1,29.758087158203125,-29.758087158203125
8692,5,0,1,31.414443969726562,-31.414443969726562
8693,9,0,1,21.434986114501953,-21.434986114501953
8694,0,0,1,34.59267807006836,-34.59267807006836
8695,4,0,1,32.666053771972656,-32.666053771972656
8696,8,0,1,31.754047393798828,-31.754047393798828
8697,5,0,1,28.220420837402344,-28.220420837402344
8698,6,0,1,30.622270584106445,-30.622270584106445
8699,4,0,1,31.344112396240234,-31.344112396240234
8700,3,0,1,30.582983016967773,-30.582983016967773
8701,8,0,1,27.484241485595703,-27.484241485595703
8702,0,0,1,31.048240661621094,-31.048240661621094
8703,4,0,1,30.20437240600586,-30.20437240600586
8704,8,0,1,30.641571044921875,-30.641571044921875
8705,6,0,1,27.15880584716797,-27.15880584716797
8706,7,0,1,32.76840591430664,-32.76840591430664
8707,2,1,0,24.56927490234375,-24.56927490234375
8708,7,0,1,30.52303695678711,-30.52303695678711
8709,1,0,1,25.013031005859375,-25.013031005859375
8710,7,0,1,29.053787231445312,-29.053787231445312
8711,4,0,1,34.146446228027344,-34.146446228027344
8712,1,0,1,28.402681350708008,-28.402681350708008
8713,2,1,0,30.644426345825195,-30.644426345825195
8714,4,0,1,30.26943588256836,-30.26943588256836
8715,2,1,0,28.752735137939453,-28.752735137939453
8716,2,1,0,34.458587646484375,-34.458587646484375
8717,8,0,1,30.517515182495117,-30.517515182495117
8718,7,0,1,27.748191833496094,-27.748191833496094
8719,2,1,0,32.816043853759766,-32.816043853759766
8720,2,1,0,33.647701263427734,-33.647701263427734
8721,6,0,1,29.423789978027344,-29.423789978027344
8722,7,0,1,29.060409545898438,-29.060409545898438
8723,5,0,1,31.99267578125,-31.99267578125
8724,6,0,1,30.526531219482422,-30.526531219482422
8725,8,0,1,31.852407455444336,-31.852407455444336
8726,9,0,1,21.885292053222656,-21.885292053222656
8727,9,0,1,33.9213981628418,-33.9213981628418
8728,6,0,1,29.99711799621582,-29.99711799621582
8729,5,0,1,31.031402587890625,-31.031402587890625
8730,2,1,0,31.812633514404297,-31.812633514404297
8731,9,0,1,29.507341384887695,-29.507341384887695
8732,8,0,1,30.40185546875,-30.40185546875
8733,7,0,1,30.044017791748047,-30.044017791748047
8734,2,1,0,28.632692337036133,-28.632692337036133
8735,3,0,1,28.609500885009766,-28.609500885009766
8736,3,0,1,32.27971267700195,-32.27971267700195
8737,7,0,1,27.769390106201172,-27.769390106201172
8738,4,0,1,31.005088806152344,-31.005088806152344
8739,3,0,1,30.663562774658203,-30.663562774658203
8740,2,1,0,32.35112762451172,-32.35112762451172
8741,1,0,1,26.262378692626953,-26.262378692626953
8742,9,0,1,26.090883255004883,-26.090883255004883
8743,0,0,1,27.85291290283203,-27.85291290283203
8744,1,0,1,23.61842918395996,-23.61842918395996
8745,5,0,1,27.847339630126953,-27.847339630126953
8746,3,0,1,31.386581420898438,-31.386581420898438
8747,2,1,0,29.84585952758789,-29.84585952758789
8748,6,0,1,32.711544036865234,-32.711544036865234
8749,5,0,1,26.883316040039062,-26.883316040039062
8750,9,0,1,27.00188446044922,-27.00188446044922
8751,1,0,1,28.654874801635742,-28.654874801635742
8752,5,0,1,30.364646911621094,-30.364646911621094
8753,4,0,1,29.62520980834961,-29.62520980834961
8754,3,0,1,31.07608413696289,-31.07608413696289
8755,6,0,1,29.9019718170166,-29.9019718170166
8756,2,1,0,24.58136558532715,-24.58136558532715
8757,8,0,1,29.646726608276367,-29.646726608276367
8758,9,0,1,29.254545211791992,-29.254545211791992
8759,7,0,1,30.639812469482422,-30.639812469482422
8760,8,0,1,28.5369930267334,-28.5369930267334
8761,0,0,1,32.69105911254883,-32.69105911254883
8762,8,0,1,30.269004821777344,-30.269004821777344
8763,9,0,1,23.49449348449707,-23.49449348449707
8764,1,0,1,29.6238956451416,-29.6238956451416
8765,2,1,0,29.71023941040039,-29.71023941040039
8766,5,0,1,34.396217346191406,-34.396217346191406
8767,7,0,1,29.136127471923828,-29.136127471923828
8768,2,1,0,30.511951446533203,-30.511951446533203
8769,0,0,1,32.32649230957031,-32.32649230957031
8770,6,0,1,29.97475242614746,-29.97475242614746
8771,6,0,1,28.758682250976562,-28.758682250976562
8772,1,0,1,25.33283042907715,-25.33283042907715
8773,6,0,1,32.32353973388672,-32.32353973388672
8774,3,0,1,30.900897979736328,-30.900897979736328
8775,1,0,1,28.857280731201172,-28.857280731201172
8776,5,0,1,32.29379653930664,-32.29379653930664
8777,0,0,1,32.92420196533203,-32.92420196533203
8778,3,0,1,28.442371368408203,-28.442371368408203
8779,7,0,1,30.261327743530273,-30.261327743530273
8780,4,0,1,37.361663818359375,-37.361663818359375
8781,6,0,1,30.25204849243164,-30.25204849243164
8782,5,0,1,31.724407196044922,-31.724407196044922
8783,6,0,1,27.4377498626709,-27.4377498626709
8784,4,0,1,30.967308044433594,-30.967308044433594
8785,8,0,1,28.59892463684082,-28.59892463684082
8786,3,0,1,33.672725677490234,-33.672725677490234
8787,4,0,1,28.361434936523438,-28.361434936523438
8788,5,0,1,28.956682205200195,-28.956682205200195
8789,5,0,1,30.51899528503418,-30.51899528503418
8790,0,0,1,31.30389404296875,-31.30389404296875
8791,6,0,1,31.728904724121094,-31.728904724121094
8792,6,0,1,27.55022621154785,-27.55022621154785
8793,7,0,1,26.814067840576172,-26.814067840576172
8794,5,0,1,32.566219329833984,-32.566219329833984
8795,0,0,1,32.19660949707031,-32.19660949707031
8796,9,0,1,30.057727813720703,-30.057727813720703
8797,9,0,1,30.81574249267578,-30.81574249267578
8798,6,0,1,27.11433219909668,-27.11433219909668
8799,1,0,1,30.801952362060547,-30.801952362060547
8800,0,0,1,32.11830139160156,-32.11830139160156
8801,4,0,1,28.186458587646484,-28.186458587646484
8802,6,0,1,24.506196975708008,-24.506196975708008
8803,3,0,1,30.968299865722656,-30.968299865722656
8804,6,0,1,27.407024383544922,-27.407024383544922
8805,9,0,1,26.232751846313477,-26.232751846313477
8806,3,0,1,32.372474670410156,-32.372474670410156
8807,6,0,1,28.607921600341797,-28.607921600341797
8808,6,0,1,27.391836166381836,-27.391836166381836
8809,8,0,1,33.5618782043457,-33.5618782043457
8810,2,1,0,29.989559173583984,-29.989559173583984
8811,1,0,1,30.409194946289062,-30.409194946289062
8812,0,0,1,31.505813598632812,-31.505813598632812
8813,1,0,1,28.55971908569336,-28.55971908569336
8814,9,0,1,26.63644027709961,-26.63644027709961
8815,3,0,1,28.660030364990234,-28.660030364990234
8816,7,0,1,32.69388961791992,-32.69388961791992
8817,4,0,1,27.70028305053711,-27.70028305053711
8818,3,0,1,29.92946434020996,-29.92946434020996
8819,0,0,1,29.79969024658203,-29.79969024658203
8820,2,1,0,29.216915130615234,-29.216915130615234
8821,7,0,1,32.07001876831055,-32.07001876831055
8822,6,0,1,29.212465286254883,-29.212465286254883
8823,4,0,1,33.0086669921875,-33.0086669921875
8824,3,0,1,28.089237213134766,-28.089237213134766
8825,0,0,1,27.49008560180664,-27.49008560180664
8826,8,0,1,32.887046813964844,-32.887046813964844
8827,2,1,0,34.125728607177734,-34.125728607177734
8828,0,0,1,30.86821174621582,-30.86821174621582
8829,0,0,1,33.0294189453125,-33.0294189453125
8830,9,0,1,28.900283813476562,-28.900283813476562
8831,6,0,1,30.216407775878906,-30.216407775878906
8832,6,0,1,26.93279266357422,-26.93279266357422
8833,6,0,1,30.77666473388672,-30.77666473388672
8834,8,0,1,35.462528228759766,-35.462528228759766
8835,7,0,1,30.306915283203125,-30.306915283203125
8836,4,0,1,33.9900016784668,-33.9900016784668
8837,1,0,1,24.932331085205078,-24.932331085205078
8838,8,0,1,31.420286178588867,-31.420286178588867
8839,1,0,1,20.876508712768555,-20.876508712768555
8840,2,1,0,31.77811622619629,-31.77811622619629
8841,2,1,0,33.66904830932617,-33.66904830932617
8842,4,0,1,33.3563117980957,-33.3563117980957
8843,8,0,1,30.22029685974121,-30.22029685974121
8844,5,0,1,25.331504821777344,-25.331504821777344
8845,2,1,0,31.91802406311035,-31.91802406311035
8846,6,0,1,26.73907470703125,-26.73907470703125
8847,5,0,1,30.35938262939453,-30.35938262939453
8848,3,0,1,29.2224063873291,-29.2224063873291
8849,9,0,1,28.442319869995117,-28.442319869995117
8850,1,0,1,28.37015151977539,-28.37015151977539
8851,0,0,1,25.948076248168945,-25.948076248168945
8852,7,0,1,32.25273513793945,-32.25273513793945
8853,2,1,0,34.629356384277344,-34.629356384277344
8854,4,0,1,30.23959732055664,-30.23959732055664
8855,4,0,1,31.553359985351562,-31.553359985351562
8856,0,0,1,35.364479064941406,-35.364479064941406
8857,0,0,1,31.925569534301758,-31.925569534301758
8858,6,0,1,32.24673080444336,-32.24673080444336
8859,2,1,0,33.84393310546875,-33.84393310546875
8860,2,1,0,32.95074462890625,-32.95074462890625
8861,4,0,1,27.664094924926758,-27.664094924926758
8862,0,0,1,31.693157196044922,-31.693157196044922
8863,5,0,1,32.31324768066406,-32.31324768066406
8864,9,0,1,27.927825927734375,-27.927825927734375
8865,7,0,1,32.49000549316406,-32.49000549316406
8866,1,0,1,26.51602554321289,-26.51602554321289
8867,8,0,1,33.88747024536133,-33.88747024536133
8868,4,0,1,24.553735733032227,-24.553735733032227
8869,5,0,1,30.74923324584961,-30.74923324584961
8870,5,0,1,31.412227630615234,-31.412227630615234
8871,9,0,1,27.782337188720703,-27.782337188720703
8872,8,0,1,32.701812744140625,-32.701812744140625
8873,5,0,1,33.54290008544922,-33.54290008544922
8874,7,0,1,32.400142669677734,-32.400142669677734
8875,8,0,1,25.30373764038086,-25.30373764038086
8876,0,0,1,30.442270278930664,-30.442270278930664
8877,9,0,1,21.80095863342285,-21.80095863342285
8878,8,0,1,32.913352966308594,-32.913352966308594
8879,9,0,1,27.726322174072266,-27.726322174072266
8880,1,0,1,28.11096954345703,-28.11096954345703
8881,6,0,1,24.923093795776367,-24.923093795776367
8882,3,0,1,28.578041076660156,-28.578041076660156
8883,8,0,1,28.585124969482422,-28.585124969482422
8884,0,0,1,31.557497024536133,-31.557497024536133
8885,3,0,1,28.71592903137207,-28.71592903137207
8886,4,0,1,29.842304229736328,-29.842304229736328
8887,4,0,1,29.780494689941406,-29.780494689941406
8888,8,0,1,29.22380828857422,-29.22380828857422
8889,4,0,1,30.350841522216797,-30.350841522216797
8890,8,0,1,32.0818977355957,-32.0818977355957
8891,9,0,1,25.390094757080078,-25.390094757080078
8892,8,0,1,30.605417251586914,-30.605417251586914
8893,6,0,1,30.042577743530273,-30.042577743530273
8894,0,0,1,30.06458282470703,-30.06458282470703
8895,0,0,1,25.919570922851562,-25.919570922851562
8896,8,0,1,31.571252822875977,-31.571252822875977
8897,2,1,0,32.12837219238281,-32.12837219238281
8898,7,0,1,30.463459014892578,-30.463459014892578
8899,4,0,1,34.051513671875,-34.051513671875
8900,2,1,0,33.61728286743164,-33.61728286743164
8901,5,0,1,24.876461029052734,-24.876461029052734
8902,6,0,1,31.747024536132812,-31.747024536132812
8903,0,0,1,30.94768714904785,-30.94768714904785
8904,5,0,1,29.243305206298828,-29.243305206298828
8905,8,0,1,30.15674591064453,-30.15674591064453
8906,4,0,1,30.36681365966797,-30.36681365966797
8907,1,0,1,30.38614273071289,-30.38614273071289
8908,9,0,1,28.58932113647461,-28.58932113647461
8909,0,0,1,26.285913467407227,-26.285913467407227
8910,1,0,1,28.698362350463867,-28.698362350463867
8911,4,0,1,31.80278205871582,-31.80278205871582
8912,4,0,1,31.067241668701172,-31.067241668701172
8913,8,0,1,32.048683166503906,-32.048683166503906
8914,4,0,1,32.424415588378906,-32.424415588378906
8915,9,0,1,28.431419372558594,-28.431419372558594
8916,6,0,1,30.221622467041016,-30.221622467041016
8917,0,0,1,33.22296905517578,-33.22296905517578
8918,7,0,1,31.331302642822266,-31.331302642822266
8919,7,0,1,32.60054016113281,-32.60054016113281
8920,6,0,1,30.542491912841797,-30.542491912841797
8921,8,0,1,31.500442504882812,-31.500442504882812
8922,9,0,1,31.7041015625,-31.7041015625
8923,6,0,1,32.82806396484375,-32.82806396484375
8924,2,1,0,30.892093658447266,-30.892093658447266
8925,0,0,1,29.82501220703125,-29.82501220703125
8926,4,0,1,30.891712188720703,-30.891712188720703
8927,9,0,1,27.85684585571289,-27.85684585571289
8928,4,0,1,31.381784439086914,-31.381784439086914
8929,9,0,1,28.556095123291016,-28.556095123291016
8930,3,0,1,26.58757781982422,-26.58757781982422
8931,9,0,1,28.0006160736084,-28.0006160736084
8932,6,0,1,33.281639099121094,-33.281639099121094
8933,6,0,1,27.244354248046875,-27.244354248046875
8934,7,0,1,29.719985961914062,-29.719985961914062
8935,0,0,1,32.415096282958984,-32.415096282958984
8936,9,0,1,29.027881622314453,-29.027881622314453
8937,7,0,1,26.67985725402832,-26.67985725402832
8938,1,0,1,29.65131950378418,-29.65131950378418
8939,8,0,1,32.25531768798828,-32.25531768798828
8940,6,0,1,24.167211532592773,-24.167211532592773
8941,0,0,1,27.847089767456055,-27.847089767456055
8942,6,0,1,30.75307846069336,-30.75307846069336
8943,7,0,1,33.53835678100586,-33.53835678100586
8944,4,0,1,28.9504337310791,-28.9504337310791
8945,1,0,1,25.595481872558594,-25.595481872558594
8946,9,0,1,25.79375648498535,-25.79375648498535
8947,4,0,1,34.43765640258789,-34.43765640258789
8948,6,0,1,26.607845306396484,-26.607845306396484
8949,7,0,1,24.855716705322266,-24.855716705322266
8950,9,0,1,31.47663116455078,-31.47663116455078
8951,8,0,1,28.185558319091797,-28.185558319091797
8952,3,0,1,30.383773803710938,-30.383773803710938
8953,9,0,1,23.245594024658203,-23.245594024658203
8954,2,1,0,32.20384979248047,-32.20384979248047
8955,1,0,1,27.678203582763672,-27.678203582763672
8956,2,1,0,31.257619857788086,-31.257619857788086
8957,7,0,1,30.395790100097656,-30.395790100097656
8958,6,0,1,34.20320129394531,-34.20320129394531
8959,1,0,1,24.254575729370117,-24.254575729370117
8960,0,0,1,33.967010498046875,-33.967010498046875
8961,0,0,1,32.42544174194336,-32.42544174194336
8962,5,0,1,28.705148696899414,-28.705148696899414
8963,6,0,1,27.074546813964844,-27.074546813964844
8964,0,0,1,26.14788055419922,-26.14788055419922
8965,4,0,1,31.899341583251953,-31.899341583251953
8966,3,0,1,30.756793975830078,-30.756793975830078
8967,2,1,0,28.341445922851562,-28.341445922851562
8968,8,0,1,32.58812713623047,-32.58812713623047
8969,8,0,1,32.725791931152344,-32.725791931152344
8970,0,0,1,29.365875244140625,-29.365875244140625
8971,6,0,1,31.814048767089844,-31.814048767089844
8972,9,0,1,28.482187271118164,-28.482187271118164
8973,5,0,1,29.63831329345703,-29.63831329345703
8974,2,1,0,34.1175651550293,-34.1175651550293
8975,8,0,1,28.967531204223633,-28.967531204223633
8976,7,0,1,29.668670654296875,-29.668670654296875
8977,0,0,1,25.303857803344727,-25.303857803344727
8978,6,0,1,28.113161087036133,-28.113161087036133
8979,5,0,1,31.738821029663086,-31.738821029663086
8980,9,0,1,29.472412109375,-29.472412109375
8981,7,0,1,32.147178649902344,-32.147178649902344
8982,2,1,0,30.480472564697266,-30.480472564697266
8983,3,0,1,31.686870574951172,-31.686870574951172
8984,6,0,1,24.502216339111328,-24.502216339111328
8985,9,0,1,30.07546043395996,-30.07546043395996
8986,6,0,1,27.32125473022461,-27.32125473022461
8987,2,1,0,33.5416259765625,-33.5416259765625
8988,2,1,0,29.699195861816406,-29.699195861816406
8989,4,0,1,31.250154495239258,-31.250154495239258
8990,1,0,1,28.5234317779541,-28.5234317779541
8991,0,0,1,34.98386001586914,-34.98386001586914
8992,5,0,1,25.07720184326172,-25.07720184326172
8993,0,0,1,31.03717041015625,-31.03717041015625
8994,8,0,1,30.723155975341797,-30.723155975341797
8995,9,0,1,26.001163482666016,-26.001163482666016
8996,3,0,1,25.262126922607422,-25.262126922607422
8997,5,0,1,30.303735733032227,-30.303735733032227
8998,9,0,1,25.875091552734375,-25.875091552734375
8999,3,0,1,32.427181243896484,-32.427181243896484
9000,8,0,1,29.12493133544922,-29.12493133544922
9001,1,0,1,29.856002807617188,-29.856002807617188
9002,6,0,1,31.105060577392578,-31.105060577392578
9003,3,0,1,29.22284507751465,-29.22284507751465
9004,7,0,1,31.762548446655273,-31.762548446655273
9005,5,0,1,23.564464569091797,-23.564464569091797
9006,6,0,1,33.68247985839844,-33.68247985839844
9007,2,1,0,30.177513122558594,-30.177513122558594
9008,0,0,1,32.43808364868164,-32.43808364868164
9009,2,1,0,32.01154708862305,-32.01154708862305
9010,8,0,1,29.08310317993164,-29.08310317993164
9011,2,1,0,34.125587463378906,-34.125587463378906
9012,8,0,1,26.222387313842773,-26.222387313842773
9013,7,0,1,32.85025405883789,-32.85025405883789
9014,7,0,1,26.089374542236328,-26.089374542236328
9015,8,0,1,30.217905044555664,-30.217905044555664
9016,1,0,1,32.62921142578125,-32.62921142578125
9017,0,0,1,30.894268035888672,-30.894268035888672
9018,8,0,1,28.417465209960938,-28.417465209960938
9019,9,0,1,30.21881103515625,-30.21881103515625
9020,7,0,1,23.825302124023438,-23.825302124023438
9021,0,0,1,28.927560806274414,-28.927560806274414
9022,3,0,1,30.305936813354492,-30.305936813354492
9023,8,0,1,31.017738342285156,-31.017738342285156
9024,0,0,1,33.20979690551758,-33.20979690551758
9025,5,0,1,29.045387268066406,-29.045387268066406
9026,9,0,1,26.219314575195312,-26.219314575195312
9027,5,0,1,27.388742446899414,-27.388742446899414
9028,8,0,1,32.85445022583008,-32.85445022583008
9029,4,0,1,27.017019271850586,-27.017019271850586
9030,2,1,0,32.62398147583008,-32.62398147583008
9031,0,0,1,34.664939880371094,-34.664939880371094
9032,9,0,1,29.010581970214844,-29.010581970214844
9033,2,1,0,31.357547760009766,-31.357547760009766
9034,2,1,0,27.334665298461914,-27.334665298461914
9035,4,0,1,29.078542709350586,-29.078542709350586
9036,4,0,1,32.44887161254883,-32.44887161254883
9037,9,0,1,26.93670654296875,-26.93670654296875
9038,2,1,0,32.6976318359375,-32.6976318359375
9039,2,1,0,27.237194061279297,-27.237194061279297
9040,2,1,0,31.737722396850586,-31.737722396850586
9041,5,0,1,30.7705078125,-30.7705078125
9042,1,0,1,25.12698745727539,-25.12698745727539
9043,3,0,1,26.859600067138672,-26.859600067138672
9044,2,1,0,32.207481384277344,-32.207481384277344
9045,0,0,1,25.522621154785156,-25.522621154785156
9046,0,0,1,30.134714126586914,-30.134714126586914
9047,4,0,1,32.111881256103516,-32.111881256103516
9048,0,0,1,30.71978759765625,-30.71978759765625
9049,6,0,1,29.841693878173828,-29.841693878173828
9050,5,0,1,33.60810852050781,-33.60810852050781
9051,8,0,1,33.48885726928711,-33.48885726928711
9052,0,0,1,28.22073745727539,-28.22073745727539
9053,5,0,1,28.09878921508789,-28.09878921508789
9054,8,0,1,32.58332061767578,-32.58332061767578
9055,6,0,1,28.940719604492188,-28.940719604492188
9056,4,0,1,30.33699607849121,-30.33699607849121
9057,8,0,1,26.193946838378906,-26.193946838378906
9058,5,0,1,28.967985153198242,-28.967985153198242
9059,2,1,0,31.244293212890625,-31.244293212890625
9060,9,0,1,26.680316925048828,-26.680316925048828
9061,7,0,1,22.38973617553711,-22.38973617553711
9062,9,0,1,25.621341705322266,-25.621341705322266
9063,7,0,1,29.597440719604492,-29.597440719604492
9064,1,0,1,27.207178115844727,-27.207178115844727
9065,0,0,1,31.776405334472656,-31.776405334472656
9066,1,0,1,31.576244354248047,-31.576244354248047
9067,9,0,1,24.87191390991211,-24.87191390991211
9068,6,0,1,27.937702178955078,-27.937702178955078
9069,9,0,1,28.097797393798828,-28.097797393798828
9070,2,1,0,29.939773559570312,-29.939773559570312
9071,7,0,1,30.371002197265625,-30.371002197265625
9072,9,0,1,25.12764549255371,-25.12764549255371
9073,4,0,1,30.87152862548828,-30.87152862548828
9074,4,0,1,31.033708572387695,-31.033708572387695
9075,0,0,1,29.776111602783203,-29.776111602783203
9076,6,0,1,30.207115173339844,-30.207115173339844
9077,2,1,0,32.295074462890625,-32.295074462890625
9078,4,0,1,29.24307632446289,-29.24307632446289
9079,1,0,1,28.639963150024414,-28.639963150024414
9080,3,0,1,31.553377151489258,-31.553377151489258
9081,7,0,1,30.441036224365234,-30.441036224365234
9082,2,1,0,30.85137367248535,-30.85137367248535
9083,8,0,1,31.259479522705078,-31.259479522705078
9084,5,0,1,26.37640953063965,-26.37640953063965
9085,9,0,1,29.261104583740234,-29.261104583740234
9086,0,0,1,31.773937225341797,-31.773937225341797
9087,3,0,1,29.93114471435547,-29.93114471435547
9088,2,1,0,33.03600311279297,-33.03600311279297
9089,3,0,1,31.98782730102539,-31.98782730102539
9090,2,1,0,26.03639793395996,-26.03639793395996
9091,7,0,1,28.491989135742188,-28.491989135742188
9092,6,0,1,33.98609924316406,-33.98609924316406
9093,3,0,1,30.186521530151367,-30.186521530151367
9094,2,1,0,32.718894958496094,-32.718894958496094
9095,5,0,1,32.349308013916016,-32.349308013916016
9096,9,0,1,27.38971519470215,-27.38971519470215
9097,0,0,1,31.608551025390625,-31.608551025390625
9098,5,0,1,31.32585906982422,-31.32585906982422
9099,9,0,1,29.612951278686523,-29.612951278686523
9100,9,0,1,24.563901901245117,-24.563901901245117
9101,8,0,1,32.34873962402344,-32.34873962402344
9102,7,0,1,32.368324279785156,-32.368324279785156
9103,7,0,1,33.41065979003906,-33.41065979003906
9104,4,0,1,29.432903289794922,-29.432903289794922
9105,8,0,1,30.824533462524414,-30.824533462524414
9106,6,0,1,27.414535522460938,-27.414535522460938
9107,5,0,1,31.726856231689453,-31.726856231689453
9108,2,1,0,31.88681411743164,-31.88681411743164
9109,3,0,1,33.098121643066406,-33.098121643066406
9110,1,0,1,29.40579605102539,-29.40579605102539
9111,0,0,1,28.457534790039062,-28.457534790039062
9112,4,0,1,32.6831169128418,-32.6831169128418
9113,1,0,1,31.20893669128418,-31.20893669128418
9114,8,0,1,31.345184326171875,-31.345184326171875
9115,8,0,1,27.22422218322754,-27.22422218322754
9116,4,0,1,33.54246139526367,-33.54246139526367
9117,9,0,1,30.267873764038086,-30.267873764038086
9118,4,0,1,31.944793701171875,-31.944793701171875
9119,4,0,1,31.967172622680664,-31.967172622680664
9120,3,0,1,31.55375862121582,-31.55375862121582
9121,3,0,1,33.081504821777344,-33.081504821777344
9122,9,0,1,30.69035530090332,-30.69035530090332
9123,2,1,0,30.851001739501953,-30.851001739501953
9124,0,0,1,35.402626037597656,-35.402626037597656
9125,1,0,1,31.341976165771484,-31.341976165771484
9126,1,0,1,28.10215950012207,-28.10215950012207
9127,8,0,1,31.1097469329834,-31.1097469329834
9128,4,0,1,34.31708526611328,-34.31708526611328
9129,4,0,1,33.2193489074707,-33.2193489074707
9130,8,0,1,31.74272918701172,-31.74272918701172
9131,3,0,1,29.20140266418457,-29.20140266418457
9132,2,1,0,30.484527587890625,-30.484527587890625
9133,9,0,1,28.731952667236328,-28.731952667236328
9134,5,0,1,33.501075744628906,-33.501075744628906
9135,7,0,1,29.976001739501953,-29.976001739501953
9136,6,0,1,27.785966873168945,-27.785966873168945
9137,2,1,0,31.909793853759766,-31.909793853759766
9138,5,0,1,27.84597396850586,-27.84597396850586
9139,4,0,1,35.62432861328125,-35.62432861328125
9140,7,0,1,31.757856369018555,-31.757856369018555
9141,3,0,1,30.671276092529297,-30.671276092529297
9142,3,0,1,30.509735107421875,-30.509735107421875
9143,9,0,1,31.56074333190918,-31.56074333190918
9144,0,0,1,31.74370765686035,-31.74370765686035
9145,1,0,1,26.506103515625,-26.506103515625
9146,5,0,1,29.442466735839844,-29.442466735839844
9147,9,0,1,31.939538955688477,-31.939538955688477
9148,3,0,1,32.27880859375,-32.27880859375
9149,7,0,1,22.376426696777344,-22.376426696777344
9150,6,0,1,29.42110824584961,-29.42110824584961
9151,0,0,1,27.89828109741211,-27.89828109741211
9152,4,0,1,33.44984436035156,-33.44984436035156
9153,2,1,0,28.42230224609375,-28.42230224609375
9154,2,1,0,35.65615463256836,-35.65615463256836
9155,5,0,1,30.228961944580078,-30.228961944580078
9156,6,0,1,29.588863372802734,-29.588863372802734
9157,3,0,1,33.418540954589844,-33.418540954589844
9158,8,0,1,32.718650817871094,-32.718650817871094
9159,9,0,1,28.113136291503906,-28.113136291503906
9160,5,0,1,31.9864444732666,-31.9864444732666
9161,6,0,1,31.048015594482422,-31.048015594482422
9162,1,0,1,32.11178970336914,-32.11178970336914
9163,4,0,1,31.208843231201172,-31.208843231201172
9164,5,0,1,32.50724792480469,-32.50724792480469
9165,4,0,1,26.515140533447266,-26.515140533447266
9166,6,0,1,27.318716049194336,-27.318716049194336
9167,7,0,1,32.89441680908203,-32.89441680908203
9168,2,1,0,30.421039581298828,-30.421039581298828
9169,1,0,1,31.677692413330078,-31.677692413330078
9170,0,0,1,26.966575622558594,-26.966575622558594
9171,2,1,0,35.27267837524414,-35.27267837524414
9172,0,0,1,33.809444427490234,-33.809444427490234
9173,4,0,1,28.373531341552734,-28.373531341552734
9174,9,0,1,25.1899471282959,-25.1899471282959
9175,8,0,1,30.200956344604492,-30.200956344604492
9176,8,0,1,31.029800415039062,-31.029800415039062
9177,9,0,1,30.33868980407715,-30.33868980407715
9178,1,0,1,24.254253387451172,-24.254253387451172
9179,1,0,1,26.242862701416016,-26.242862701416016
9180,5,0,1,28.971426010131836,-28.971426010131836
9181,0,0,1,30.210708618164062,-30.210708618164062
9182,0,0,1,32.95670700073242,-32.95670700073242
9183,8,0,1,31.21448516845703,-31.21448516845703
9184,7,0,1,26.16197395324707,-26.16197395324707
9185,1,0,1,29.319461822509766,-29.319461822509766
9186,7,0,1,30.08544158935547,-30.08544158935547
9187,4,0,1,30.887941360473633,-30.887941360473633
9188,5,0,1,27.273757934570312,-27.273757934570312
9189,4,0,1,33.897239685058594,-33.897239685058594
9190,3,0,1,29.625593185424805,-29.625593185424805
9191,3,0,1,29.93416976928711,-29.93416976928711
9192,2,1,0,32.83420944213867,-32.83420944213867
9193,0,0,1,38.7064094543457,-38.7064094543457
9194,6,0,1,29.624095916748047,-29.624095916748047
9195,6,0,1,28.89885902404785,-28.89885902404785
9196,0,0,1,27.493343353271484,-27.493343353271484
9197,1,0,1,28.774778366088867,-28.774778366088867
9198,3,0,1,31.41522216796875,-31.41522216796875
9199,9,0,1,21.494150161743164,-21.494150161743164
9200,8,0,1,32.28247833251953,-32.28247833251953
9201,3,0,1,31.064970016479492,-31.064970016479492
9202,7,0,1,27.109743118286133,-27.109743118286133
9203,8,0,1,32.432315826416016,-32.432315826416016
9204,9,0,1,30.077110290527344,-30.077110290527344
9205,4,0,1,30.609153747558594,-30.609153747558594
9206,8,0,1,33.84339141845703,-33.84339141845703
9207,9,0,1,27.258853912353516,-27.258853912353516
9208,0,0,1,31.44487190246582,-31.44487190246582
9209,9,0,1,26.472496032714844,-26.472496032714844
9210,7,0,1,32.19905090332031,-32.19905090332031
9211,1,0,1,26.926496505737305,-26.926496505737305
9212,6,0,1,27.011032104492188,-27.011032104492188
9213,2,1,0,27.607845306396484,-27.607845306396484
9214,9,0,1,27.434526443481445,-27.434526443481445
9215,5,0,1,27.851831436157227,-27.851831436157227
9216,6,0,1,28.15304946899414,-28.15304946899414
9217,9,0,1,26.524486541748047,-26.524486541748047
9218,3,0,1,29.735286712646484,-29.735286712646484
9219,9,0,1,29.80638885498047,-29.80638885498047
9220,8,0,1,26.423782348632812,-26.423782348632812
9221,7,0,1,30.476089477539062,-30.476089477539062
9222,7,0,1,27.81256103515625,-27.81256103515625
9223,1,0,1,26.781803131103516,-26.781803131103516
9224,6,0,1,28.266897201538086,-28.266897201538086
9225,5,0,1,27.476682662963867,-27.476682662963867
9226,3,0,1,27.837203979492188,-27.837203979492188
9227,1,0,1,29.275611877441406,-29.275611877441406
9228,3,0,1,29.304580688476562,-29.304580688476562
9229,1,0,1,29.64229965209961,-29.64229965209961
9230,2,1,0,34.06358337402344,-34.06358337402344
9231,7,0,1,33.459075927734375,-33.459075927734375
9232,1,0,1,30.84021759033203,-30.84021759033203
9233,8,0,1,29.208484649658203,-29.208484649658203
9234,2,1,0,32.38871765136719,-32.38871765136719
9235,0,0,1,33.51531219482422,-33.51531219482422
9236,9,0,1,27.788015365600586,-27.788015365600586
9237,7,0,1,29.581336975097656,-29.581336975097656
9238,9,0,1,26.453935623168945,-26.453935623168945
9239,8,0,1,30.96236228942871,-30.96236228942871
9240,8,0,1,31.77545166015625,-31.77545166015625
9241,6,0,1,27.767057418823242,-27.767057418823242
9242,7,0,1,22.844085693359375,-22.844085693359375
9243,3,0,1,31.546754837036133,-31.546754837036133
9244,7,0,1,31.132707595825195,-31.132707595825195
9245,1,0,1,28.576292037963867,-28.576292037963867
9246,3,0,1,30.060869216918945,-30.060869216918945
9247,9,0,1,28.814517974853516,-28.814517974853516
9248,0,0,1,29.331832885742188,-29.331832885742188
9249,9,0,1,25.248733520507812,-25.248733520507812
9250,3,0,1,27.680221557617188,-27.680221557617188
9251,6,0,1,31.697477340698242,-31.697477340698242
9252,7,0,1,32.141265869140625,-32.141265869140625
9253,2,1,0,30.510311126708984,-30.510311126708984
9254,7,0,1,30.1334285736084,-30.1334285736084
9255,3,0,1,28.157577514648438,-28.157577514648438
9256,0,0,1,29.66217803955078,-29.66217803955078
9257,5,0,1,31.485355377197266,-31.485355377197266
9258,9,0,1,24.076383590698242,-24.076383590698242
9259,7,0,1,31.96623420715332,-31.96623420715332
9260,5,0,1,33.8913688659668,-33.8913688659668
9261,5,0,1,29.31695556640625,-29.31695556640625
9262,0,0,1,36.04117202758789,-36.04117202758789
9263,6,0,1,24.381399154663086,-24.381399154663086
9264,5,0,1,28.174123764038086,-28.174123764038086
9265,1,0,1,31.704381942749023,-31.704381942749023
9266,8,0,1,31.331485748291016,-31.331485748291016
9267,2,1,0,26.607330322265625,-26.607330322265625
9268,7,0,1,31.702898025512695,-31.702898025512695
9269,5,0,1,30.783214569091797,-30.783214569091797
9270,9,0,1,24.226640701293945,-24.226640701293945
9271,0,0,1,31.65577507019043,-31.65577507019043
9272,0,0,1,32.54973602294922,-32.54973602294922
9273,0,0,1,29.776424407958984,-29.776424407958984
9274,8,0,1,31.923667907714844,-31.923667907714844
9275,8,0,1,32.03712463378906,-32.03712463378906
9276,7,0,1,31.660869598388672,-31.660869598388672
9277,3,0,1,28.186817169189453,-28.186817169189453
9278,7,0,1,29.285736083984375,-29.285736083984375
9279,8,0,1,30.585113525390625,-30.585113525390625
9280,9,0,1,30.1417179107666,-30.1417179107666
9281,3,0,1,31.560264587402344,-31.560264587402344
9282,7,0,1,33.78803253173828,-33.78803253173828
9283,9,0,1,29.407447814941406,-29.407447814941406
9284,7,0,1,29.977081298828125,-29.977081298828125
9285,8,0,1,30.74698257446289,-30.74698257446289
9286,7,0,1,26.70136833190918,-26.70136833190918
9287,9,0,1,30.50116729736328,-30.50116729736328
9288,8,0,1,32.322086334228516,-32.322086334228516
9289,5,0,1,31.687610626220703,-31.687610626220703
9290,4,0,1,31.649005889892578,-31.649005889892578
9291,8,0,1,34.244422912597656,-34.244422912597656
9292,3,0,1,28.001846313476562,-28.001846313476562
9293,7,0,1,29.820030212402344,-29.820030212402344
9294,6,0,1,28.850666046142578,-28.850666046142578
9295,3,0,1,31.220069885253906,-31.220069885253906
9296,8,0,1,28.255165100097656,-28.255165100097656
9297,2,1,0,32.419864654541016,-32.419864654541016
9298,1,0,1,25.681852340698242,-25.681852340698242
9299,9,0,1,23.452377319335938,-23.452377319335938
9300,5,0,1,26.057897567749023,-26.057897567749023
9301,7,0,1,31.09501838684082,-31.09501838684082
9302,3,0,1,29.2303409576416,-29.2303409576416
9303,9,0,1,25.574264526367188,-25.574264526367188
9304,5,0,1,33.18000030517578,-33.18000030517578
9305,5,0,1,32.429203033447266,-32.429203033447266
9306,8,0,1,32.56570816040039,-32.56570816040039
9307,7,0,1,29.144866943359375,-29.144866943359375
9308,3,0,1,36.011802673339844,-36.011802673339844
9309,5,0,1,30.91646385192871,-30.91646385192871
9310,3,0,1,31.58343505859375,-31.58343505859375
9311,5,0,1,29.730154037475586,-29.730154037475586
9312,9,0,1,27.905092239379883,-27.905092239379883
9313,7,0,1,30.754940032958984,-30.754940032958984
9314,6,0,1,28.018556594848633,-28.018556594848633
9315,7,0,1,29.20309066772461,-29.20309066772461
9316,3,0,1,31.329469680786133,-31.329469680786133
9317,6,0,1,32.43327331542969,-32.43327331542969
9318,4,0,1,35.51956558227539,-35.51956558227539
9319,3,0,1,28.925710678100586,-28.925710678100586
9320,9,0,1,30.06919288635254,-30.06919288635254
9321,4,0,1,35.203277587890625,-35.203277587890625
9322,2,1,0,29.17005157470703,-29.17005157470703
9323,1,0,1,25.572961807250977,-25.572961807250977
9324,9,0,1,29.401309967041016,-29.401309967041016
9325,6,0,1,28.164588928222656,-28.164588928222656
9326,0,0,1,35.22214889526367,-35.22214889526367
9327,2,1,0,33.29210662841797,-33.29210662841797
9328,6,0,1,28.57710838317871,-28.57710838317871
9329,7,0,1,26.007692337036133,-26.007692337036133
9330,4,0,1,30.626911163330078,-30.626911163330078
9331,7,0,1,27.32407569885254,-27.32407569885254
9332,9,0,1,24.23689842224121,-24.23689842224121
9333,0,0,1,29.451984405517578,-29.451984405517578
9334,7,0,1,30.29841423034668,-30.29841423034668
9335,4,0,1,28.97722625732422,-28.97722625732422
9336,3,0,1,30.42494010925293,-30.42494010925293
9337,5,0,1,30.815574645996094,-30.815574645996094
9338,3,0,1,30.712345123291016,-30.712345123291016
9339,1,0,1,31.216413497924805,-31.216413497924805
9340,1,0,1,25.507038116455078,-25.507038116455078
9341,2,1,0,30.909908294677734,-30.909908294677734
9342,6,0,1,30.711517333984375,-30.711517333984375
9343,8,0,1,28.414833068847656,-28.414833068847656
9344,2,1,0,30.756288528442383,-30.756288528442383
9345,1,0,1,29.013391494750977,-29.013391494750977
9346,7,0,1,33.38175582885742,-33.38175582885742
9347,8,0,1,34.55024719238281,-34.55024719238281
9348,5,0,1,29.321571350097656,-29.321571350097656
9349,9,0,1,29.488046646118164,-29.488046646118164
9350,6,0,1,30.85106658935547,-30.85106658935547
9351,1,0,1,26.128887176513672,-26.128887176513672
9352,1,0,1,26.85904884338379,-26.85904884338379
9353,5,0,1,27.50469207763672,-27.50469207763672
9354,0,0,1,29.97197914123535,-29.97197914123535
9355,6,0,1,33.30427551269531,-33.30427551269531
9356,0,0,1,33.64052200317383,-33.64052200317383
9357,9,0,1,25.589141845703125,-25.589141845703125
9358,2,1,0,29.426361083984375,-29.426361083984375
9359,6,0,1,29.214359283447266,-29.214359283447266
9360,5,0,1,29.210525512695312,-29.210525512695312
9361,8,0,1,28.12035369873047,-28.12035369873047
9362,9,0,1,28.97784996032715,-28.97784996032715
9363,5,0,1,31.145814895629883,-31.145814895629883
9364,5,0,1,27.395322799682617,-27.395322799682617
9365,6,0,1,26.98000717163086,-26.98000717163086
9366,2,1,0,34.268882751464844,-34.268882751464844
9367,9,0,1,26.29742431640625,-26.29742431640625
9368,1,0,1,27.06781578063965,-27.06781578063965
9369,5,0,1,29.13235092163086,-29.13235092163086
9370,8,0,1,24.80649185180664,-24.80649185180664
9371,8,0,1,32.02804183959961,-32.02804183959961
9372,7,0,1,31.600967407226562,-31.600967407226562
9373,1,0,1,28.71912384033203,-28.71912384033203
9374,7,0,1,29.8187255859375,-29.8187255859375
9375,3,0,1,30.059894561767578,-30.059894561767578
9376,5,0,1,28.976886749267578,-28.976886749267578
9377,4,0,1,29.63528823852539,-29.63528823852539
9378,9,0,1,24.063919067382812,-24.063919067382812
9379,7,0,1,26.414836883544922,-26.414836883544922
9380,5,0,1,32.120445251464844,-32.120445251464844
9381,2,1,0,33.60782241821289,-33.60782241821289
9382,9,0,1,23.901290893554688,-23.901290893554688
9383,9,0,1,27.890172958374023,-27.890172958374023
9384,4,0,1,29.689899444580078,-29.689899444580078
9385,7,0,1,27.44032096862793,-27.44032096862793
9386,4,0,1,33.82468032836914,-33.82468032836914
9387,1,0,1,27.586334228515625,-27.586334228515625
9388,3,0,1,29.758907318115234,-29.758907318115234
9389,8,0,1,29.632474899291992,-29.632474899291992
9390,7,0,1,26.546958923339844,-26.546958923339844
9391,9,0,1,28.27093505859375,-28.27093505859375
9392,0,0,1,28.73218536376953,-28.73218536376953
9393,4,0,1,29.810829162597656,-29.810829162597656
9394,5,0,1,30.57638931274414,-30.57638931274414
9395,7,0,1,30.433338165283203,-30.433338165283203
9396,5,0,1,28.996335983276367,-28.996335983276367
9397,2,1,0,32.1922492980957,-32.1922492980957
9398,8,0,1,30.11833953857422,-30.11833953857422
9399,7,0,1,27.98955535888672,-27.98955535888672
9400,6,0,1,24.264629364013672,-24.264629364013672
9401,9,0,1,28.26664924621582,-28.26664924621582
9402,6,0,1,26.168001174926758,-26.168001174926758
9403,9,0,1,25.537609100341797,-25.537609100341797
9404,3,0,1,31.417041778564453,-31.417041778564453
9405,8,0,1,27.700481414794922,-27.700481414794922
9406,5,0,1,30.645383834838867,-30.645383834838867
9407,6,0,1,28.09040069580078,-28.09040069580078
9408,6,0,1,20.338687896728516,-20.338687896728516
9409,9,0,1,21.93204116821289,-21.93204116821289
9410,5,0,1,31.865314483642578,-31.865314483642578
9411,7,0,1,31.21735382080078,-31.21735382080078
9412,8,0,1,29.944671630859375,-29.944671630859375
9413,0,0,1,29.86236000061035,-29.86236000061035
9414,5,0,1,31.307973861694336,-31.307973861694336
9415,0,0,1,32.15248107910156,-32.15248107910156
9416,7,0,1,29.218528747558594,-29.218528747558594
9417,4,0,1,34.332481384277344,-34.332481384277344
9418,8,0,1,30.532310485839844,-30.532310485839844
9419,2,1,0,31.952754974365234,-31.952754974365234
9420,5,0,1,26.56304168701172,-26.56304168701172
9421,1,0,1,26.26607322692871,-26.26607322692871
9422,3,0,1,30.911073684692383,-30.911073684692383
9423,2,1,0,36.49150848388672,-36.49150848388672
9424,2,1,0,32.26519775390625,-32.26519775390625
9425,6,0,1,28.00262451171875,-28.00262451171875
9426,2,1,0,28.612865447998047,-28.612865447998047
9427,1,0,1,25.85434913635254,-25.85434913635254
9428,7,0,1,32.095638275146484,-32.095638275146484
9429,4,0,1,28.625507354736328,-28.625507354736328
9430,6,0,1,31.893802642822266,-31.893802642822266
9431,3,0,1,28.800750732421875,-28.800750732421875
9432,1,0,1,24.325443267822266,-24.325443267822266
9433,3,0,1,27.886573791503906,-27.886573791503906
9434,7,0,1,29.766281127929688,-29.766281127929688
9435,2,1,0,28.039899826049805,-28.039899826049805
9436,1,0,1,32.28675079345703,-32.28675079345703
9437,3,0,1,26.48363494873047,-26.48363494873047
9438,7,0,1,27.578948974609375,-27.578948974609375
9439,0,0,1,33.70524978637695,-33.70524978637695
9440,8,0,1,25.138721466064453,-25.138721466064453
9441,4,0,1,30.520076751708984,-30.520076751708984
9442,4,0,1,32.11866760253906,-32.11866760253906
9443,5,0,1,28.27483558654785,-28.27483558654785
9444,7,0,1,29.73290252685547,-29.73290252685547
9445,9,0,1,27.328731536865234,-27.328731536865234
9446,5,0,1,28.958593368530273,-28.958593368530273
9447,4,0,1,29.704240798950195,-29.704240798950195
9448,3,0,1,30.204883575439453,-30.204883575439453
9449,9,0,1,28.097423553466797,-28.097423553466797
9450,6,0,1,32.48188400268555,-32.48188400268555
9451,8,0,1,28.983688354492188,-28.983688354492188
9452,2,1,0,33.09099197387695,-33.09099197387695
9453,3,0,1,32.90321731567383,-32.90321731567383
9454,3,0,1,31.14906120300293,-31.14906120300293
9455,1,0,1,28.301902770996094,-28.301902770996094
9456,6,0,1,31.619998931884766,-31.619998931884766
9457,1,0,1,28.528480529785156,-28.528480529785156
9458,7,0,1,29.783445358276367,-29.783445358276367
9459,0,0,1,29.563894271850586,-29.563894271850586
9460,3,0,1,33.927650451660156,-33.927650451660156
9461,4,0,1,26.77803611755371,-26.77803611755371
9462,2,1,0,36.751766204833984,-36.751766204833984
9463,9,0,1,28.92601776123047,-28.92601776123047
9464,4,0,1,29.74560546875,-29.74560546875
9465,5,0,1,26.78097915649414,-26.78097915649414
9466,8,0,1,28.746126174926758,-28.746126174926758
9467,2,1,0,27.87631607055664,-27.87631607055664
9468,7,0,1,31.07144546508789,-31.07144546508789
9469,0,0,1,31.92171859741211,-31.92171859741211
9470,9,0,1,29.1279239654541,-29.1279239654541
9471,6,0,1,23.968870162963867,-23.968870162963867
9472,8,0,1,32.0646858215332,-32.0646858215332
9473,0,0,1,34.46497344970703,-34.46497344970703
9474,8,0,1,33.4102897644043,-33.4102897644043
9475,2,1,0,31.829303741455078,-31.829303741455078
9476,8,0,1,28.848302841186523,-28.848302841186523
9477,5,0,1,31.47832489013672,-31.47832489013672
9478,7,0,1,32.824859619140625,-32.824859619140625
9479,7,0,1,32.095455169677734,-32.095455169677734
9480,2,1,0,32.7198486328125,-32.7198486328125
9481,2,1,0,32.13894271850586,-32.13894271850586
9482,0,0,1,26.592350006103516,-26.592350006103516
9483,0,0,1,29.432817459106445,-29.432817459106445
9484,0,0,1,25.93783950805664,-25.93783950805664
9485,7,0,1,31.49986457824707,-31.49986457824707
9486,4,0,1,34.77507019042969,-34.77507019042969
9487,1,0,1,31.903913497924805,-31.903913497924805
9488,6,0,1,29.497119903564453,-29.497119903564453
9489,6,0,1,16.68470573425293,-16.68470573425293
9490,8,0,1,30.16808319091797,-30.16808319091797
9491,8,0,1,34.79624938964844,-34.79624938964844
9492,9,0,1,28.18461799621582,-28.18461799621582
9493,0,0,1,32.88490676879883,-32.88490676879883
9494,9,0,1,29.04290008544922,-29.04290008544922
9495,0,0,1,27.030330657958984,-27.030330657958984
9496,1,0,1,25.369962692260742,-25.369962692260742
9497,3,0,1,28.018749237060547,-28.018749237060547
9498,3,0,1,28.121789932250977,-28.121789932250977
9499,0,0,1,32.693138122558594,-32.693138122558594
9500,9,0,1,29.65091896057129,-29.65091896057129
9501,6,0,1,30.09449577331543,-30.09449577331543
9502,6,0,1,23.76276206970215,-23.76276206970215
9503,2,1,0,26.28997230529785,-26.28997230529785
9504,6,0,1,27.81044578552246,-27.81044578552246
9505,3,0,1,34.296939849853516,-34.296939849853516
9506,4,0,1,30.654220581054688,-30.654220581054688
9507,0,0,1,29.786792755126953,-29.786792755126953
9508,8,0,1,30.9429931640625,-30.9429931640625
9509,4,0,1,30.146656036376953,-30.146656036376953
9510,1,0,1,27.13076400756836,-27.13076400756836
9511,4,0,1,28.431987762451172,-28.431987762451172
9512,0,0,1,37.02231979370117,-37.02231979370117
9513,6,0,1,28.751249313354492,-28.751249313354492
9514,5,0,1,33.19942092895508,-33.19942092895508
9515,0,0,1,28.82132339477539,-28.82132339477539
9516,9,0,1,28.10767364501953,-28.10767364501953
9517,9,0,1,28.22386932373047,-28.22386932373047
9518,9,0,1,27.43906021118164,-27.43906021118164
9519,9,0,1,23.62420654296875,-23.62420654296875
9520,1,0,1,28.63724708557129,-28.63724708557129
9521,2,1,0,30.111074447631836,-30.111074447631836
9522,3,0,1,32.49236297607422,-32.49236297607422
9523,5,0,1,29.510147094726562,-29.510147094726562
9524,4,0,1,29.955303192138672,-29.955303192138672
9525,2,1,0,33.68025588989258,-33.68025588989258
9526,9,0,1,30.446908950805664,-30.446908950805664
9527,6,0,1,32.41426086425781,-32.41426086425781
9528,0,0,1,31.794706344604492,-31.794706344604492
9529,9,0,1,21.77277183532715,-21.77277183532715
9530,6,0,1,27.021459579467773,-27.021459579467773
9531,6,0,1,30.350934982299805,-30.350934982299805
9532,8,0,1,27.416851043701172,-27.416851043701172
9533,0,0,1,31.51226043701172,-31.51226043701172
9534,6,0,1,29.88970947265625,-29.88970947265625
9535,1,0,1,25.789548873901367,-25.789548873901367
9536,4,0,1,29.426036834716797,-29.426036834716797
9537,6,0,1,25.75836944580078,-25.75836944580078
9538,8,0,1,27.62270164489746,-27.62270164489746
9539,0,0,1,34.420413970947266,-34.420413970947266
9540,5,0,1,31.083675384521484,-31.083675384521484
9541,4,0,1,29.902379989624023,-29.902379989624023
9542,1,0,1,25.607341766357422,-25.607341766357422
9543,2,1,0,32.20420837402344,-32.20420837402344
9544,0,0,1,29.603126525878906,-29.603126525878906
9545,9,0,1,24.157299041748047,-24.157299041748047
9546,6,0,1,26.438453674316406,-26.438453674316406
9547,4,0,1,34.33552169799805,-34.33552169799805
9548,2,1,0,29.98845100402832,-29.98845100402832
9549,4,0,1,24.963579177856445,-24.963579177856445
9550,6,0,1,28.289348602294922,-28.289348602294922
9551,5,0,1,31.104331970214844,-31.104331970214844
9552,9,0,1,25.469240188598633,-25.469240188598633
9553,7,0,1,28.59961700439453,-28.59961700439453
9554,7,0,1,28.76012420654297,-28.76012420654297
9555,4,0,1,33.405555725097656,-33.405555725097656
9556,6,0,1,30.426185607910156,-30.426185607910156
9557,5,0,1,32.13521194458008,-32.13521194458008
9558,0,0,1,33.087867736816406,-33.087867736816406
9559,1,0,1,22.771455764770508,-22.771455764770508
9560,9,0,1,30.35845375061035,-30.35845375061035
9561,0,0,1,31.538249969482422,-31.538249969482422
9562,3,0,1,31.937299728393555,-31.937299728393555
9563,1,0,1,23.881074905395508,-23.881074905395508
9564,9,0,1,29.8409366607666,-29.8409366607666
9565,0,0,1,30.283960342407227,-30.283960342407227
9566,9,0,1,28.42443084716797,-28.42443084716797
9567,7,0,1,33.08681106567383,-33.08681106567383
9568,8,0,1,29.655466079711914,-29.655466079711914
9569,6,0,1,28.311065673828125,-28.311065673828125
9570,7,0,1,25.325828552246094,-25.325828552246094
9571,6,0,1,28.384294509887695,-28.384294509887695
9572,8,0,1,27.925508499145508,-27.925508499145508
9573,2,1,0,30.071117401123047,-30.071117401123047
9574,4,0,1,29.81739044189453,-29.81739044189453
9575,5,0,1,28.97769546508789,-28.97769546508789
9576,3,0,1,30.55683708190918,-30.55683708190918
9577,0,0,1,29.800182342529297,-29.800182342529297
9578,3,0,1,30.101594924926758,-30.101594924926758
9579,2,1,0,30.727277755737305,-30.727277755737305
9580,1,0,1,29.265287399291992,-29.265287399291992
9581,7,0,1,28.835912704467773,-28.835912704467773
9582,5,0,1,30.213790893554688,-30.213790893554688
9583,9,0,1,31.62109375,-31.62109375
9584,3,0,1,31.02764129638672,-31.02764129638672
9585,4,0,1,28.842044830322266,-28.842044830322266
9586,5,0,1,33.981239318847656,-33.981239318847656
9587,7,0,1,29.752519607543945,-29.752519607543945
9588,1,0,1,26.704059600830078,-26.704059600830078
9589,5,0,1,28.005857467651367,-28.005857467651367
9590,0,0,1,32.696632385253906,-32.696632385253906
9591,1,0,1,30.70947265625,-30.70947265625
9592,1,0,1,22.21448516845703,-22.21448516845703
9593,1,0,1,28.318309783935547,-28.318309783935547
9594,9,0,1,28.174114227294922,-28.174114227294922
9595,7,0,1,30.22747039794922,-30.22747039794922
9596,5,0,1,29.060426712036133,-29.060426712036133
9597,4,0,1,29.406879425048828,-29.406879425048828
9598,9,0,1,23.36324119567871,-23.36324119567871
9599,7,0,1,27.18576431274414,-27.18576431274414
9600,8,0,1,34.05963134765625,-34.05963134765625
9601,1,0,1,24.99337387084961,-24.99337387084961
9602,0,0,1,28.77284049987793,-28.77284049987793
9603,2,1,0,33.133888244628906,-33.133888244628906
9604,8,0,1,30.093093872070312,-30.093093872070312
9605,5,0,1,29.259098052978516,-29.259098052978516
9606,6,0,1,29.548185348510742,-29.548185348510742
9607,7,0,1,30.16196060180664,-30.16196060180664
9608,0,0,1,32.03005599975586,-32.03005599975586
9609,1,0,1,28.82847023010254,-28.82847023010254
9610,4,0,1,30.93510627746582,-30.93510627746582
9611,8,0,1,31.614234924316406,-31.614234924316406
9612,4,0,1,27.970964431762695,-27.970964431762695
9613,4,0,1,32.20086669921875,-32.20086669921875
9614,6,0,1,27.457822799682617,-27.457822799682617
9615,6,0,1,29.024425506591797,-29.024425506591797
9616,5,0,1,25.209243774414062,-25.209243774414062
9617,8,0,1,32.88787841796875,-32.88787841796875
9618,1,0,1,25.656770706176758,-25.656770706176758
9619,8,0,1,28.89863395690918,-28.89863395690918
9620,4,0,1,30.547651290893555,-30.547651290893555
9621,6,0,1,30.677648544311523,-30.677648544311523
9622,5,0,1,30.957767486572266,-30.957767486572266
9623,9,0,1,23.596975326538086,-23.596975326538086
9624,2,1,0,32.243324279785156,-32.243324279785156
9625,2,1,0,34.524169921875,-34.524169921875
9626,1,0,1,27.17803382873535,-27.17803382873535
9627,4,0,1,35.56953811645508,-35.56953811645508
9628,9,0,1,25.934703826904297,-25.934703826904297
9629,1,0,1,29.301952362060547,-29.301952362060547
9630,6,0,1,27.932662963867188,-27.932662963867188
9631,7,0,1,29.112451553344727,-29.112451553344727
9632,2,1,0,34.15782928466797,-34.15782928466797
9633,0,0,1,30.24957847595215,-30.24957847595215
9634,1,0,1,27.127483367919922,-27.127483367919922
9635,7,0,1,27.445663452148438,-27.445663452148438
9636,6,0,1,31.658954620361328,-31.658954620361328
9637,5,0,1,19.945056915283203,-19.945056915283203
9638,2,1,0,34.27287292480469,-34.27287292480469
9639,2,1,0,37.407527923583984,-37.407527923583984
9640,5,0,1,28.86676788330078,-28.86676788330078
9641,6,0,1,32.359771728515625,-32.359771728515625
9642,0,0,1,29.0279541015625,-29.0279541015625
9643,9,0,1,27.931514739990234,-27.931514739990234
9644,0,0,1,31.255271911621094,-31.255271911621094
9645,1,0,1,25.265092849731445,-25.265092849731445
9646,5,0,1,30.860755920410156,-30.860755920410156
9647,3,0,1,31.53914451599121,-31.53914451599121
9648,3,0,1,29.507064819335938,-29.507064819335938
9649,5,0,1,32.22272872924805,-32.22272872924805
9650,8,0,1,29.429500579833984,-29.429500579833984
9651,7,0,1,30.95647621154785,-30.95647621154785
9652,5,0,1,29.44776153564453,-29.44776153564453
9653,6,0,1,19.68886947631836,-19.68886947631836
9654,5,0,1,31.567485809326172,-31.567485809326172
9655,8,0,1,30.82347869873047,-30.82347869873047
9656,0,0,1,34.45482635498047,-34.45482635498047
9657,5,0,1,32.10235595703125,-32.10235595703125
9658,9,0,1,29.528202056884766,-29.528202056884766
9659,4,0,1,32.442874908447266,-32.442874908447266
9660,6,0,1,29.937498092651367,-29.937498092651367
9661,5,0,1,27.071043014526367,-27.071043014526367
9662,1,0,1,28.059181213378906,-28.059181213378906
9663,1,0,1,28.30697250366211,-28.30697250366211
9664,0,0,1,32.551658630371094,-32.551658630371094
9665,3,0,1,26.71805763244629,-26.71805763244629
9666,3,0,1,31.371583938598633,-31.371583938598633
9667,9,0,1,26.45836067199707,-26.45836067199707
9668,4,0,1,27.907148361206055,-27.907148361206055
9669,8,0,1,32.3249626159668,-32.3249626159668
9670,1,0,1,29.26091957092285,-29.26091957092285
9671,7,0,1,25.585906982421875,-25.585906982421875
9672,7,0,1,27.892662048339844,-27.892662048339844
9673,9,0,1,31.372817993164062,-31.372817993164062
9674,9,0,1,27.532472610473633,-27.532472610473633
9675,4,0,1,28.955026626586914,-28.955026626586914
9676,3,0,1,33.11677932739258,-33.11677932739258
9677,6,0,1,27.07417106628418,-27.07417106628418
9678,3,0,1,36.28384017944336,-36.28384017944336
9679,2,1,0,29.340557098388672,-29.340557098388672
9680,8,0,1,29.62923812866211,-29.62923812866211
9681,2,1,0,36.067623138427734,-36.067623138427734
9682,7,0,1,31.498504638671875,-31.498504638671875
9683,6,0,1,26.6122989654541,-26.6122989654541
9684,7,0,1,29.749561309814453,-29.749561309814453
9685,0,0,1,36.318294525146484,-36.318294525146484
9686,2,1,0,28.319660186767578,-28.319660186767578
9687,1,0,1,30.00371551513672,-30.00371551513672
9688,2,1,0,35.26537322998047,-35.26537322998047
9689,9,0,1,19.913177490234375,-19.913177490234375
9690,4,0,1,36.37419128417969,-36.37419128417969
9691,6,0,1,25.441558837890625,-25.441558837890625
9692,9,0,1,29.047529220581055,-29.047529220581055
9693,6,0,1,30.69777488708496,-30.69777488708496
9694,1,0,1,27.672775268554688,-27.672775268554688
9695,0,0,1,31.951385498046875,-31.951385498046875
9696,1,0,1,30.21240234375,-30.21240234375
9697,8,0,1,32.77348709106445,-32.77348709106445
9698,7,0,1,26.016969680786133,-26.016969680786133
9699,0,0,1,26.524036407470703,-26.524036407470703
9700,0,0,1,31.844974517822266,-31.844974517822266
9701,4,0,1,33.724884033203125,-33.724884033203125
9702,7,0,1,30.058576583862305,-30.058576583862305
9703,4,0,1,27.907703399658203,-27.907703399658203
9704,2,1,0,32.351905822753906,-32.351905822753906
9705,6,0,1,29.23480796813965,-29.23480796813965
9706,9,0,1,29.065019607543945,-29.065019607543945
9707,5,0,1,27.801652908325195,-27.801652908325195
9708,9,0,1,25.104970932006836,-25.104970932006836
9709,0,0,1,29.408601760864258,-29.408601760864258
9710,7,0,1,28.90436553955078,-28.90436553955078
9711,4,0,1,29.313974380493164,-29.313974380493164
9712,5,0,1,27.964035034179688,-27.964035034179688
9713,8,0,1,29.47637939453125,-29.47637939453125
9714,1,0,1,28.34731674194336,-28.34731674194336
9715,4,0,1,29.359661102294922,-29.359661102294922
9716,7,0,1,28.4046630859375,-28.4046630859375
9717,9,0,1,29.596073150634766,-29.596073150634766
9718,9,0,1,23.549589157104492,-23.549589157104492
9719,8,0,1,32.04558563232422,-32.04558563232422
9720,8,0,1,31.701419830322266,-31.701419830322266
9721,6,0,1,32.284690856933594,-32.284690856933594
9722,3,0,1,25.833295822143555,-25.833295822143555
9723,7,0,1,29.905807495117188,-29.905807495117188
9724,0,0,1,32.00029754638672,-32.00029754638672
9725,8,0,1,28.763240814208984,-28.763240814208984
9726,9,0,1,26.287765502929688,-26.287765502929688
9727,6,0,1,31.89043426513672,-31.89043426513672
9728,2,1,0,31.58963394165039,-31.58963394165039
9729,4,0,1,32.214073181152344,-32.214073181152344
9730,6,0,1,28.922893524169922,-28.922893524169922
9731,2,1,0,29.890262603759766,-29.890262603759766
9732,9,0,1,30.673843383789062,-30.673843383789062
9733,7,0,1,29.238597869873047,-29.238597869873047
9734,4,0,1,33.3135986328125,-33.3135986328125
9735,6,0,1,27.32121467590332,-27.32121467590332
9736,8,0,1,29.60561180114746,-29.60561180114746
9737,5,0,1,29.12885284423828,-29.12885284423828
9738,6,0,1,30.677448272705078,-30.677448272705078
9739,1,0,1,26.13243865966797,-26.13243865966797
9740,3,0,1,30.31104850769043,-30.31104850769043
9741,5,0,1,31.784587860107422,-31.784587860107422
9742,9,0,1,29.22008514404297,-29.22008514404297
9743,9,0,1,25.769489288330078,-25.769489288330078
9744,1,0,1,24.608478546142578,-24.608478546142578
9745,3,0,1,31.380762100219727,-31.380762100219727
9746,2,1,0,27.80461311340332,-27.80461311340332
9747,0,0,1,27.998722076416016,-27.998722076416016
9748,3,0,1,28.979854583740234,-28.979854583740234
9749,0,0,1,29.655664443969727,-29.655664443969727
9750,2,1,0,27.89657974243164,-27.89657974243164
9751,0,0,1,30.44903564453125,-30.44903564453125
9752,7,0,1,31.17025375366211,-31.17025375366211
9753,3,0,1,32.76701354980469,-32.76701354980469
9754,9,0,1,27.53604507446289,-27.53604507446289
9755,3,0,1,26.415145874023438,-26.415145874023438
9756,5,0,1,33.316650390625,-33.316650390625
9757,7,0,1,30.076889038085938,-30.076889038085938
9758,6,0,1,29.081573486328125,-29.081573486328125
9759,5,0,1,31.636615753173828,-31.636615753173828
9760,9,0,1,29.014070510864258,-29.014070510864258
9761,5,0,1,33.320762634277344,-33.320762634277344
9762,6,0,1,33.707271575927734,-33.707271575927734
9763,1,0,1,28.144548416137695,-28.144548416137695
9764,2,1,0,30.96953773498535,-30.96953773498535
9765,4,0,1,32.40134811401367,-32.40134811401367
9766,0,0,1,25.75953483581543,-25.75953483581543
9767,2,1,0,32.318790435791016,-32.318790435791016
9768,7,0,1,28.062360763549805,-28.062360763549805
9769,8,0,1,30.793067932128906,-30.793067932128906
9770,4,0,1,28.372413635253906,-28.372413635253906
9771,4,0,1,33.48080062866211,-33.48080062866211
9772,0,0,1,34.749755859375,-34.749755859375
9773,9,0,1,29.74094581604004,-29.74094581604004
9774,5,0,1,33.49938201904297,-33.49938201904297
9775,9,0,1,26.280479431152344,-26.280479431152344
9776,2,1,0,33.408233642578125,-33.408233642578125
9777,9,0,1,28.777233123779297,-28.777233123779297
9778,3,0,1,29.42462730407715,-29.42462730407715
9779,2,1,0,30.98928451538086,-30.98928451538086
9780,4,0,1,30.787841796875,-30.787841796875
9781,3,0,1,26.782384872436523,-26.782384872436523
9782,2,1,0,32.03081512451172,-32.03081512451172
9783,2,1,0,25.56757354736328,-25.56757354736328
9784,8,0,1,26.97268295288086,-26.97268295288086
9785,8,0,1,30.28459930419922,-30.28459930419922
9786,6,0,1,29.504013061523438,-29.504013061523438
9787,8,0,1,27.74603843688965,-27.74603843688965
9788,1,0,1,25.52023696899414,-25.52023696899414
9789,6,0,1,30.646270751953125,-30.646270751953125
9790,8,0,1,33.432952880859375,-33.432952880859375
9791,9,0,1,31.436534881591797,-31.436534881591797
9792,8,0,1,30.773494720458984,-30.773494720458984
9793,2,1,0,28.667163848876953,-28.667163848876953
9794,1,0,1,31.1881103515625,-31.1881103515625
9795,4,0,1,33.076171875,-33.076171875
9796,9,0,1,27.738056182861328,-27.738056182861328
9797,1,0,1,28.83091926574707,-28.83091926574707
9798,5,0,1,29.65065574645996,-29.65065574645996
9799,7,0,1,27.239280700683594,-27.239280700683594
9800,1,0,1,25.51472282409668,-25.51472282409668
9801,6,0,1,31.701263427734375,-31.701263427734375
9802,0,0,1,29.82805824279785,-29.82805824279785
9803,1,0,1,28.697195053100586,-28.697195053100586
9804,5,0,1,33.82587432861328,-33.82587432861328
9805,2,1,0,35.42401123046875,-35.42401123046875
9806,8,0,1,30.160400390625,-30.160400390625
9807,1,0,1,25.57599639892578,-25.57599639892578
9808,1,0,1,24.880008697509766,-24.880008697509766
9809,3,0,1,33.272705078125,-33.272705078125
9810,8,0,1,27.824115753173828,-27.824115753173828
9811,1,0,1,28.14961814880371,-28.14961814880371
9812,3,0,1,31.431690216064453,-31.431690216064453
9813,1,0,1,30.243183135986328,-30.243183135986328
9814,8,0,1,30.292264938354492,-30.292264938354492
9815,5,0,1,35.24367141723633,-35.24367141723633
9816,1,0,1,32.1485481262207,-32.1485481262207
9817,9,0,1,24.669841766357422,-24.669841766357422
9818,0,0,1,29.625354766845703,-29.625354766845703
9819,3,0,1,28.48807716369629,-28.48807716369629
9820,0,0,1,28.2018985748291,-28.2018985748291
9821,4,0,1,31.424758911132812,-31.424758911132812
9822,0,0,1,27.112699508666992,-27.112699508666992
9823,5,0,1,31.696788787841797,-31.696788787841797
9824,1,0,1,24.03534698486328,-24.03534698486328
9825,2,1,0,34.9166145324707,-34.9166145324707
9826,0,0,1,31.611175537109375,-31.611175537109375
9827,4,0,1,33.81624221801758,-33.81624221801758
9828,9,0,1,27.67572593688965,-27.67572593688965
9829,5,0,1,30.71566390991211,-30.71566390991211
9830,1,0,1,29.364452362060547,-29.364452362060547
9831,2,1,0,27.985801696777344,-27.985801696777344
9832,2,1,0,31.362041473388672,-31.362041473388672
9833,7,0,1,31.242877960205078,-31.242877960205078
9834,8,0,1,32.311256408691406,-32.311256408691406
9835,7,0,1,27.54517364501953,-27.54517364501953
9836,2,1,0,29.262479782104492,-29.262479782104492
9837,4,0,1,33.73756408691406,-33.73756408691406
9838,5,0,1,26.280118942260742,-26.280118942260742
9839,3,0,1,29.78197479248047,-29.78197479248047
9840,4,0,1,27.93706512451172,-27.93706512451172
9841,0,0,1,33.83049011230469,-33.83049011230469
9842,6,0,1,30.88201141357422,-30.88201141357422
9843,1,0,1,26.286434173583984,-26.286434173583984
9844,5,0,1,33.40635681152344,-33.40635681152344
9845,9,0,1,27.09117317199707,-27.09117317199707
9846,8,0,1,33.93824005126953,-33.93824005126953
9847,0,0,1,30.90385627746582,-30.90385627746582
9848,2,1,0,29.709529876708984,-29.709529876708984
9849,0,0,1,28.990623474121094,-28.990623474121094
9850,7,0,1,31.72174644470215,-31.72174644470215
9851,6,0,1,32.04282760620117,-32.04282760620117
9852,0,0,1,29.46276092529297,-29.46276092529297
9853,5,0,1,30.426841735839844,-30.426841735839844
9854,9,0,1,23.831724166870117,-23.831724166870117
9855,7,0,1,27.16676902770996,-27.16676902770996
9856,5,0,1,28.96565055847168,-28.96565055847168
9857,0,0,1,27.921539306640625,-27.921539306640625
9858,4,0,1,31.531536102294922,-31.531536102294922
9859,6,0,1,29.622236251831055,-29.622236251831055
9860,0,0,1,34.020877838134766,-34.020877838134766
9861,6,0,1,28.05950164794922,-28.05950164794922
9862,3,0,1,26.98847007751465,-26.98847007751465
9863,6,0,1,28.892759323120117,-28.892759323120117
9864,8,0,1,30.36061668395996,-30.36061668395996
9865,1,0,1,31.064151763916016,-31.064151763916016
9866,1,0,1,28.87109375,-28.87109375
9867,8,0,1,31.832359313964844,-31.832359313964844
9868,9,0,1,27.763111114501953,-27.763111114501953
9869,7,0,1,31.11000633239746,-31.11000633239746
9870,2,1,0,32.365535736083984,-32.365535736083984
9871,9,0,1,27.356264114379883,-27.356264114379883
9872,0,0,1,27.241928100585938,-27.241928100585938
9873,2,1,0,29.90304946899414,-29.90304946899414
9874,2,1,0,33.62550354003906,-33.62550354003906
9875,9,0,1,27.387393951416016,-27.387393951416016
9876,0,0,1,31.75918197631836,-31.75918197631836
9877,6,0,1,26.84484100341797,-26.84484100341797
9878,5,0,1,32.29365158081055,-32.29365158081055
9879,7,0,1,27.781496047973633,-27.781496047973633
9880,7,0,1,25.037601470947266,-25.037601470947266
9881,9,0,1,25.818349838256836,-25.818349838256836
9882,1,0,1,24.411012649536133,-24.411012649536133
9883,7,0,1,32.222747802734375,-32.222747802734375
9884,9,0,1,26.87091064453125,-26.87091064453125
9885,8,0,1,34.9230842590332,-34.9230842590332
9886,4,0,1,30.056827545166016,-30.056827545166016
9887,5,0,1,29.396976470947266,-29.396976470947266
9888,0,0,1,27.47808837890625,-27.47808837890625
9889,8,0,1,34.46064758300781,-34.46064758300781
9890,0,0,1,32.89748764038086,-32.89748764038086
9891,2,1,0,31.941043853759766,-31.941043853759766
9892,5,0,1,31.958770751953125,-31.958770751953125
9893,2,1,0,32.47077941894531,-32.47077941894531
9894,1,0,1,28.830629348754883,-28.830629348754883
9895,4,0,1,33.03768539428711,-33.03768539428711
9896,4,0,1,32.829185485839844,-32.829185485839844
9897,8,0,1,29.79804229736328,-29.79804229736328
9898,9,0,1,29.36248016357422,-29.36248016357422
9899,7,0,1,22.809938430786133,-22.809938430786133
9900,8,0,1,29.725303649902344,-29.725303649902344
9901,3,0,1,28.154075622558594,-28.154075622558594
9902,6,0,1,25.611825942993164,-25.611825942993164
9903,6,0,1,30.755142211914062,-30.755142211914062
9904,0,0,1,33.240135192871094,-33.240135192871094
9905,1,0,1,23.422725677490234,-23.422725677490234
9906,1,0,1,28.75782012939453,-28.75782012939453
9907,1,0,1,29.30999755859375,-29.30999755859375
9908,8,0,1,27.585121154785156,-27.585121154785156
9909,1,0,1,29.62137222290039,-29.62137222290039
9910,4,0,1,26.659622192382812,-26.659622192382812
9911,4,0,1,32.309425354003906,-32.309425354003906
9912,0,0,1,34.493064880371094,-34.493064880371094
9913,7,0,1,34.74092102050781,-34.74092102050781
9914,8,0,1,31.287691116333008,-31.287691116333008
9915,2,1,0,31.67695426940918,-31.67695426940918
9916,1,0,1,28.799325942993164,-28.799325942993164
9917,2,1,0,30.02959442138672,-30.02959442138672
9918,5,0,1,30.623977661132812,-30.623977661132812
9919,4,0,1,34.575599670410156,-34.575599670410156
9920,6,0,1,27.426746368408203,-27.426746368408203
9921,0,0,1,29.6878662109375,-29.6878662109375
9922,5,0,1,30.799985885620117,-30.799985885620117
9923,7,0,1,27.527313232421875,-27.527313232421875
9924,4,0,1,33.53227233886719,-33.53227233886719
9925,4,0,1,32.75226593017578,-32.75226593017578
9926,3,0,1,35.279022216796875,-35.279022216796875
9927,9,0,1,29.180036544799805,-29.180036544799805
9928,5,0,1,29.059314727783203,-29.059314727783203
9929,8,0,1,34.42653274536133,-34.42653274536133
9930,8,0,1,29.633493423461914,-29.633493423461914
9931,0,0,1,35.461971282958984,-35.461971282958984
9932,8,0,1,34.04416275024414,-34.04416275024414
9933,7,0,1,32.233306884765625,-32.233306884765625
9934,4,0,1,30.14230728149414,-30.14230728149414
9935,1,0,1,25.151336669921875,-25.151336669921875
9936,8,0,1,27.554588317871094,-27.554588317871094
9937,4,0,1,27.780235290527344,-27.780235290527344
9938,9,0,1,27.042964935302734,-27.042964935302734
9939,5,0,1,30.121274948120117,-30.121274948120117
9940,4,0,1,26.741138458251953,-26.741138458251953
9941,1,0,1,29.204742431640625,-29.204742431640625
9942,7,0,1,24.618852615356445,-24.618852615356445
9943,7,0,1,24.481746673583984,-24.481746673583984
9944,7,0,1,30.668014526367188,-30.668014526367188
9945,7,0,1,29.620336532592773,-29.620336532592773
9946,0,0,1,31.546030044555664,-31.546030044555664
9947,3,0,1,36.75760269165039,-36.75760269165039
9948,8,0,1,29.457033157348633,-29.457033157348633
9949,3,0,1,31.471595764160156,-31.471595764160156
9950,3,0,1,30.41573715209961,-30.41573715209961
9951,0,0,1,31.159870147705078,-31.159870147705078
9952,5,0,1,28.61845588684082,-28.61845588684082
9953,7,0,1,32.08345413208008,-32.08345413208008
9954,0,0,1,27.75754737854004,-27.75754737854004
9955,8,0,1,32.95771789550781,-32.95771789550781
9956,0,0,1,29.485702514648438,-29.485702514648438
9957,0,0,1,26.294376373291016,-26.294376373291016
9958,9,0,1,24.451330184936523,-24.451330184936523
9959,2,1,0,30.796794891357422,-30.796794891357422
9960,2,1,0,28.201644897460938,-28.201644897460938
9961,3,0,1,26.547866821289062,-26.547866821289062
9962,4,0,1,32.16750717163086,-32.16750717163086
9963,8,0,1,31.764663696289062,-31.764663696289062
9964,2,1,0,26.1060733795166,-26.1060733795166
9965,2,1,0,32.32872009277344,-32.32872009277344
9966,6,0,1,27.87709617614746,-27.87709617614746
9967,3,0,1,29.914520263671875,-29.914520263671875
9968,3,0,1,27.97147560119629,-27.97147560119629
9969,6,0,1,28.744922637939453,-28.744922637939453
9970,2,1,0,35.527530670166016,-35.527530670166016
9971,9,0,1,26.543121337890625,-26.543121337890625
9972,4,0,1,32.74279022216797,-32.74279022216797
9973,0,0,1,31.669944763183594,-31.669944763183594
9974,1,0,1,25.87220001220703,-25.87220001220703
9975,7,0,1,28.037111282348633,-28.037111282348633
9976,5,0,1,29.472644805908203,-29.472644805908203
9977,5,0,1,27.19573211669922,-27.19573211669922
9978,7,0,1,32.13774490356445,-32.13774490356445
9979,3,0,1,31.865644454956055,-31.865644454956055
9980,0,0,1,28.237817764282227,-28.237817764282227
9981,4,0,1,29.932296752929688,-29.932296752929688
9982,2,1,0,27.386512756347656,-27.386512756347656
9983,0,0,1,28.64013671875,-28.64013671875
9984,7,0,1,30.18456268310547,-30.18456268310547
9985,5,0,1,26.989620208740234,-26.989620208740234
9986,8,0,1,29.159297943115234,-29.159297943115234
9987,0,0,1,33.1917724609375,-33.1917724609375
9988,8,0,1,27.740489959716797,-27.740489959716797
9989,2,1,0,32.425315856933594,-32.425315856933594
9990,7,0,1,26.181842803955078,-26.181842803955078
9991,0,0,1,28.736949920654297,-28.736949920654297
9992,3,0,1,30.228883743286133,-30.228883743286133
9993,5,0,1,25.401796340942383,-25.401796340942383
9994,3,0,1,27.827383041381836,-27.827383041381836
9995,8,0,1,26.49904441833496,-26.49904441833496
9996,3,0,1,28.70276641845703,-28.70276641845703
9997,5,0,1,30.041641235351562,-30.041641235351562
9998,1,0,1,27.18868064880371,-27.18868064880371
9999,7,0,1,30.90971565246582,-30.90971565246582
